Second,Volt,Volt,Volt
-5.800000E-05,-4.000000E-04,-3.200000E-04,-2.000000E+00
-5.790000E-05,-4.000000E-04,-1.600000E-04,-2.000000E+00
-5.780000E-05,-4.000000E-04,-1.600000E-04,-2.000000E+00
-5.770000E-05,-4.000000E-04,-8.000000E-05,-2.040000E+00
-5.760000E-05,-2.000000E-04,-2.400000E-04,-2.000000E+00
-5.750000E-05,-2.000000E-04,-3.200000E-04,-2.000000E+00
-5.740000E-05,-2.000000E-04,-4.800000E-04,-2.000000E+00
-5.730000E-05,-4.000000E-04,-4.000000E-04,-2.000000E+00
-5.720000E-05,-4.000000E-04,-2.400000E-04,-2.040000E+00
-5.710000E-05,-4.000000E-04,-3.200000E-04,-2.000000E+00
-5.700000E-05,-4.000000E-04,-4.000000E-04,-2.000000E+00
-5.690000E-05,-2.000000E-04,-4.800000E-04,-2.000000E+00
-5.680000E-05,-2.000000E-04,-3.200000E-04,-2.000000E+00
-5.670000E-05,-2.000000E-04,-3.200000E-04,-2.000000E+00
-5.660000E-05,-2.000000E-04,-3.200000E-04,-2.040000E+00
-5.650000E-05,-4.000000E-04,-2.400000E-04,-2.040000E+00
-5.640000E-05,-4.000000E-04,-2.400000E-04,-2.000000E+00
-5.630000E-05,-4.000000E-04,-2.400000E-04,-2.040000E+00
-5.620000E-05,-2.000000E-04,-2.400000E-04,-2.000000E+00
-5.610000E-05,-4.000000E-04,-3.200000E-04,-2.000000E+00
-5.600000E-05,-2.000000E-04,-2.400000E-04,-2.040000E+00
-5.590000E-05,-2.000000E-04,-3.200000E-04,-2.040000E+00
-5.580000E-05,-2.000000E-04,-4.000000E-04,-2.000000E+00
-5.570000E-05,-4.000000E-04,-4.800000E-04,-2.000000E+00
-5.560000E-05,-4.000000E-04,-2.400000E-04,-2.000000E+00
-5.550000E-05,-4.000000E-04,-4.000000E-04,-2.000000E+00
-5.540000E-05,-4.000000E-04,-3.200000E-04,-2.000000E+00
-5.530000E-05,-4.000000E-04,-4.000000E-04,-2.040000E+00
-5.520000E-05,-2.000000E-04,-2.400000E-04,-2.000000E+00
-5.510000E-05,-4.000000E-04,-4.000000E-04,-2.000000E+00
-5.500000E-05,-4.000000E-04,-1.600000E-04,-2.040000E+00
-5.490000E-05,-2.000000E-04,-3.200000E-04,-2.040000E+00
-5.480000E-05,-2.000000E-04,-4.000000E-04,-2.000000E+00
-5.470000E-05,-2.000000E-04,-3.200000E-04,-2.000000E+00
-5.460000E-05,-2.000000E-04,-1.600000E-04,-2.000000E+00
-5.450000E-05,-4.000000E-04,-2.400000E-04,-2.000000E+00
-5.440000E-05,-4.000000E-04,-3.200000E-04,-2.000000E+00
-5.430000E-05,-2.000000E-04,-4.000000E-04,-2.040000E+00
-5.420000E-05,-2.000000E-04,-4.000000E-04,-2.040000E+00
-5.410000E-05,-2.000000E-04,-3.200000E-04,-2.000000E+00
-5.400000E-05,-4.000000E-04,-2.400000E-04,-2.000000E+00
-5.390000E-05,-4.000000E-04,-8.000000E-05,-2.040000E+00
-5.380000E-05,-4.000000E-04,-8.000000E-05,-2.000000E+00
-5.370000E-05,-2.000000E-04,-4.000000E-04,-2.000000E+00
-5.360000E-05,-4.000000E-04,-3.200000E-04,-2.000000E+00
-5.350000E-05,-2.000000E-04,-3.200000E-04,-2.040000E+00
-5.340000E-05,-4.000000E-04,-1.600000E-04,-2.000000E+00
-5.330000E-05,-2.000000E-04,-3.200000E-04,-2.000000E+00
-5.320000E-05,-4.000000E-04,-1.600000E-04,-2.000000E+00
-5.310000E-05,-2.000000E-04,-3.200000E-04,-2.040000E+00
-5.300000E-05,-2.000000E-04,-3.200000E-04,-2.000000E+00
-5.290000E-05,+0.000000E+00,-4.000000E-04,-2.000000E+00
-5.280000E-05,-2.000000E-04,-4.000000E-04,-2.000000E+00
-5.270000E-05,-2.000000E-04,-2.400000E-04,-2.000000E+00
-5.260000E-05,-4.000000E-04,-1.600000E-04,-2.000000E+00
-5.250000E-05,-4.000000E-04,+8.000000E-05,-2.000000E+00
-5.240000E-05,-4.000000E-04,-8.000000E-05,-2.000000E+00
-5.230000E-05,-2.000000E-04,-1.600000E-04,-2.000000E+00
-5.220000E-05,-2.000000E-04,-1.600000E-04,-2.000000E+00
-5.210000E-05,+0.000000E+00,-1.600000E-04,-2.040000E+00
-5.200000E-05,-2.000000E-04,-2.400000E-04,-2.000000E+00
-5.190000E-05,-2.000000E-04,-2.400000E-04,-2.000000E+00
-5.180000E-05,-2.000000E-04,-2.400000E-04,-2.000000E+00
-5.170000E-05,-2.000000E-04,-8.000000E-05,-2.040000E+00
-5.160000E-05,-4.000000E-04,-8.000000E-05,-2.000000E+00
-5.150000E-05,-2.000000E-04,-4.000000E-04,-2.040000E+00
-5.140000E-05,-2.000000E-04,-4.000000E-04,-2.040000E+00
-5.130000E-05,-2.000000E-04,-4.800000E-04,-2.000000E+00
-5.120000E-05,-4.000000E-04,-1.600000E-04,-2.000000E+00
-5.110000E-05,-4.000000E-04,-8.000000E-05,-2.040000E+00
-5.100000E-05,-4.000000E-04,-1.600000E-04,-2.000000E+00
-5.090000E-05,-2.000000E-04,-1.600000E-04,-2.040000E+00
-5.080000E-05,-2.000000E-04,-2.400000E-04,-2.000000E+00
-5.070000E-05,+0.000000E+00,-2.400000E-04,-2.040000E+00
-5.060000E-05,-2.000000E-04,-3.200000E-04,-2.000000E+00
-5.050000E-05,-2.000000E-04,-8.000000E-05,-2.000000E+00
-5.040000E-05,-2.000000E-04,-8.000000E-05,-2.000000E+00
-5.030000E-05,-2.000000E-04,-8.000000E-05,-2.000000E+00
-5.020000E-05,+0.000000E+00,-2.400000E-04,-2.000000E+00
-5.010000E-05,+0.000000E+00,-2.400000E-04,-2.000000E+00
-5.000000E-05,-2.000000E-04,-3.200000E-04,-2.000000E+00
-4.990000E-05,-2.000000E-04,-2.400000E-04,-2.040000E+00
-4.980000E-05,-4.000000E-04,-2.400000E-04,-2.000000E+00
-4.970000E-05,-4.000000E-04,+0.000000E+00,-2.000000E+00
-4.960000E-05,-2.000000E-04,-8.000000E-05,-2.000000E+00
-4.950000E-05,-2.000000E-04,-2.400000E-04,-2.040000E+00
-4.940000E-05,-2.000000E-04,-2.400000E-04,-2.000000E+00
-4.930000E-05,-2.000000E-04,-1.600000E-04,-2.000000E+00
-4.920000E-05,-2.000000E-04,+0.000000E+00,-2.000000E+00
-4.910000E-05,-2.000000E-04,+0.000000E+00,-2.000000E+00
-4.900000E-05,-2.000000E-04,-1.600000E-04,-2.000000E+00
-4.890000E-05,+0.000000E+00,-1.600000E-04,-2.000000E+00
-4.880000E-05,+0.000000E+00,-3.200000E-04,-2.040000E+00
-4.870000E-05,-2.000000E-04,-1.600000E-04,-2.000000E+00
-4.860000E-05,-2.000000E-04,-8.000000E-05,-2.000000E+00
-4.850000E-05,-2.000000E-04,+1.600000E-04,-2.000000E+00
-4.840000E-05,+0.000000E+00,-1.600000E-04,-2.000000E+00
-4.830000E-05,+0.000000E+00,-1.600000E-04,-2.040000E+00
-4.820000E-05,+0.000000E+00,-3.200000E-04,-2.040000E+00
-4.810000E-05,-2.000000E-04,-8.000000E-05,-2.000000E+00
-4.800000E-05,-2.000000E-04,-8.000000E-05,-2.000000E+00
-4.790000E-05,-4.000000E-04,+8.000000E-05,-2.000000E+00
-4.780000E-05,-2.000000E-04,-1.600000E-04,-2.000000E+00
-4.770000E-05,-2.000000E-04,+8.000000E-05,-2.040000E+00
-4.760000E-05,+0.000000E+00,-1.600000E-04,-2.000000E+00
-4.750000E-05,+0.000000E+00,-2.400000E-04,-2.000000E+00
-4.740000E-05,-2.000000E-04,-1.600000E-04,-2.040000E+00
-4.730000E-05,-2.000000E-04,-8.000000E-05,-2.000000E+00
-4.720000E-05,-2.000000E-04,-1.600000E-04,-2.000000E+00
-4.710000E-05,-2.000000E-04,-1.600000E-04,-2.040000E+00
-4.700000E-05,-2.000000E-04,-2.400000E-04,-2.040000E+00
-4.690000E-05,-2.000000E-04,-1.600000E-04,-2.000000E+00
-4.680000E-05,-2.000000E-04,-1.600000E-04,-2.000000E+00
-4.670000E-05,+0.000000E+00,-8.000000E-05,-2.000000E+00
-4.660000E-05,-2.000000E-04,-8.000000E-05,-2.000000E+00
-4.650000E-05,-2.000000E-04,+0.000000E+00,-2.000000E+00
-4.640000E-05,+0.000000E+00,-2.400000E-04,-2.000000E+00
-4.630000E-05,-2.000000E-04,-3.200000E-04,-2.000000E+00
-4.620000E-05,-2.000000E-04,-2.400000E-04,-2.040000E+00
-4.610000E-05,-4.000000E-04,+0.000000E+00,-2.040000E+00
-4.600000E-05,-2.000000E-04,+0.000000E+00,-2.000000E+00
-4.590000E-05,-2.000000E-04,-2.400000E-04,-2.000000E+00
-4.580000E-05,+0.000000E+00,-3.200000E-04,-2.000000E+00
-4.570000E-05,-2.000000E-04,-2.400000E-04,-2.000000E+00
-4.560000E-05,-2.000000E-04,-8.000000E-05,-2.000000E+00
-4.550000E-05,-2.000000E-04,-2.400000E-04,-2.000000E+00
-4.540000E-05,-2.000000E-04,-8.000000E-05,-2.000000E+00
-4.530000E-05,-2.000000E-04,-4.000000E-04,-2.040000E+00
-4.520000E-05,-2.000000E-04,-1.600000E-04,-2.000000E+00
-4.510000E-05,-2.000000E-04,-2.400000E-04,-2.000000E+00
-4.500000E-05,-2.000000E-04,-8.000000E-05,-2.000000E+00
-4.490000E-05,-2.000000E-04,-3.200000E-04,-2.040000E+00
-4.480000E-05,-2.000000E-04,-1.600000E-04,-2.040000E+00
-4.470000E-05,+0.000000E+00,-4.800000E-04,-2.000000E+00
-4.460000E-05,+0.000000E+00,-1.600000E-04,-2.000000E+00
-4.450000E-05,-2.000000E-04,-8.000000E-05,-2.000000E+00
-4.440000E-05,-4.000000E-04,+0.000000E+00,-2.000000E+00
-4.430000E-05,-2.000000E-04,-8.000000E-05,-2.000000E+00
-4.420000E-05,-2.000000E-04,-2.400000E-04,-2.000000E+00
-4.410000E-05,+0.000000E+00,-4.000000E-04,-2.000000E+00
-4.400000E-05,-2.000000E-04,-1.600000E-04,-2.040000E+00
-4.390000E-05,-2.000000E-04,-2.400000E-04,-2.000000E+00
-4.380000E-05,-2.000000E-04,-2.400000E-04,-2.000000E+00
-4.370000E-05,-4.000000E-04,-2.400000E-04,-2.000000E+00
-4.360000E-05,-4.000000E-04,-2.400000E-04,-2.000000E+00
-4.350000E-05,-2.000000E-04,-4.000000E-04,-2.040000E+00
-4.340000E-05,-2.000000E-04,-2.400000E-04,-2.000000E+00
-4.330000E-05,-2.000000E-04,-2.400000E-04,-2.040000E+00
-4.320000E-05,-4.000000E-04,-1.600000E-04,-2.000000E+00
-4.310000E-05,-2.000000E-04,-3.200000E-04,-2.040000E+00
-4.300000E-05,-2.000000E-04,-3.200000E-04,-2.040000E+00
-4.290000E-05,+0.000000E+00,-4.800000E-04,-2.000000E+00
-4.280000E-05,-4.000000E-04,-2.400000E-04,-2.040000E+00
-4.270000E-05,-4.000000E-04,-8.000000E-05,-2.000000E+00
-4.260000E-05,-2.000000E-04,-2.400000E-04,-2.000000E+00
-4.250000E-05,-2.000000E-04,-2.400000E-04,-2.040000E+00
-4.240000E-05,-4.000000E-04,-3.200000E-04,-2.000000E+00
-4.230000E-05,-2.000000E-04,-4.000000E-04,-2.040000E+00
-4.220000E-05,-4.000000E-04,-2.400000E-04,-2.000000E+00
-4.210000E-05,-2.000000E-04,-2.400000E-04,-2.000000E+00
-4.200000E-05,-4.000000E-04,-3.200000E-04,-2.000000E+00
-4.190000E-05,-2.000000E-04,-3.200000E-04,-2.000000E+00
-4.180000E-05,-4.000000E-04,-4.800000E-04,-2.040000E+00
-4.170000E-05,-2.000000E-04,-2.400000E-04,-2.000000E+00
-4.160000E-05,-4.000000E-04,-3.200000E-04,-2.000000E+00
-4.150000E-05,-4.000000E-04,-3.200000E-04,-2.000000E+00
-4.140000E-05,-2.000000E-04,-3.200000E-04,-2.000000E+00
-4.130000E-05,-2.000000E-04,-4.000000E-04,-2.000000E+00
-4.120000E-05,-4.000000E-04,-3.200000E-04,-2.000000E+00
-4.110000E-05,-4.000000E-04,-4.000000E-04,-2.000000E+00
-4.100000E-05,-4.000000E-04,-3.200000E-04,-2.000000E+00
-4.090000E-05,-4.000000E-04,-4.000000E-04,-2.040000E+00
-4.080000E-05,-4.000000E-04,-4.000000E-04,-2.000000E+00
-4.070000E-05,-2.000000E-04,-4.000000E-04,-2.000000E+00
-4.060000E-05,-4.000000E-04,-3.200000E-04,-2.000000E+00
-4.050000E-05,-4.000000E-04,-2.400000E-04,-2.000000E+00
-4.040000E-05,-4.000000E-04,-2.400000E-04,-2.000000E+00
-4.030000E-05,-4.000000E-04,-3.200000E-04,-2.000000E+00
-4.020000E-05,-2.000000E-04,-3.200000E-04,-2.000000E+00
-4.010000E-05,-2.000000E-04,-4.800000E-04,-2.000000E+00
-4.000000E-05,-2.000000E-04,-4.800000E-04,-2.000000E+00
-3.990000E-05,-4.000000E-04,-2.400000E-04,-2.000000E+00
-3.980000E-05,-4.000000E-04,-3.200000E-04,-2.000000E+00
-3.970000E-05,-4.000000E-04,-2.400000E-04,-2.000000E+00
-3.960000E-05,-2.000000E-04,-4.000000E-04,-2.000000E+00
-3.950000E-05,-2.000000E-04,-4.800000E-04,-2.000000E+00
-3.940000E-05,-2.000000E-04,-3.200000E-04,-2.000000E+00
-3.930000E-05,-4.000000E-04,-3.200000E-04,-2.000000E+00
-3.920000E-05,-2.000000E-04,-3.200000E-04,-2.040000E+00
-3.910000E-05,-2.000000E-04,-3.200000E-04,-2.000000E+00
-3.900000E-05,-4.000000E-04,-4.000000E-04,-2.000000E+00
-3.890000E-05,-4.000000E-04,-4.000000E-04,-2.000000E+00
-3.880000E-05,-4.000000E-04,-3.200000E-04,-2.000000E+00
-3.870000E-05,-4.000000E-04,-2.400000E-04,-2.000000E+00
-3.860000E-05,-4.000000E-04,-2.400000E-04,-2.040000E+00
-3.850000E-05,-4.000000E-04,-2.400000E-04,-2.000000E+00
-3.840000E-05,-2.000000E-04,-4.000000E-04,-2.000000E+00
-3.830000E-05,-2.000000E-04,-2.400000E-04,-2.000000E+00
-3.820000E-05,-2.000000E-04,-3.200000E-04,-2.000000E+00
-3.810000E-05,-2.000000E-04,-3.200000E-04,-2.000000E+00
-3.800000E-05,-2.000000E-04,-4.000000E-04,-2.000000E+00
-3.790000E-05,-2.000000E-04,-3.200000E-04,-2.040000E+00
-3.780000E-05,-2.000000E-04,-4.000000E-04,-2.000000E+00
-3.770000E-05,-4.000000E-04,-2.400000E-04,-2.040000E+00
-3.760000E-05,-2.000000E-04,-2.400000E-04,-2.000000E+00
-3.750000E-05,-4.000000E-04,-2.400000E-04,-2.000000E+00
-3.740000E-05,-4.000000E-04,-1.600000E-04,-2.040000E+00
-3.730000E-05,-4.000000E-04,-1.600000E-04,-2.000000E+00
-3.720000E-05,-2.000000E-04,-4.000000E-04,-2.000000E+00
-3.710000E-05,-2.000000E-04,-3.200000E-04,-2.000000E+00
-3.700000E-05,-4.000000E-04,-3.200000E-04,-2.040000E+00
-3.690000E-05,-4.000000E-04,-1.600000E-04,-2.040000E+00
-3.680000E-05,-2.000000E-04,-8.000000E-05,-2.000000E+00
-3.670000E-05,-2.000000E-04,-2.400000E-04,-2.040000E+00
-3.660000E-05,-2.000000E-04,-2.400000E-04,-2.000000E+00
-3.650000E-05,-4.000000E-04,-1.600000E-04,-2.000000E+00
-3.640000E-05,-2.000000E-04,-2.400000E-04,-2.000000E+00
-3.630000E-05,-4.000000E-04,-1.600000E-04,-2.040000E+00
-3.620000E-05,-2.000000E-04,-8.000000E-05,-2.000000E+00
-3.610000E-05,-4.000000E-04,-1.600000E-04,-2.000000E+00
-3.600000E-05,+0.000000E+00,-2.400000E-04,-2.000000E+00
-3.590000E-05,-2.000000E-04,-2.400000E-04,-2.000000E+00
-3.580000E-05,-2.000000E-04,-1.600000E-04,-2.040000E+00
-3.570000E-05,-2.000000E-04,-1.600000E-04,-2.000000E+00
-3.560000E-05,-2.000000E-04,-1.600000E-04,-2.040000E+00
-3.550000E-05,-2.000000E-04,-2.400000E-04,-2.040000E+00
-3.540000E-05,-2.000000E-04,-8.000000E-05,-2.000000E+00
-3.530000E-05,-2.000000E-04,-1.600000E-04,-2.000000E+00
-3.520000E-05,-2.000000E-04,-1.600000E-04,-2.040000E+00
-3.510000E-05,+0.000000E+00,-2.400000E-04,-2.000000E+00
-3.500000E-05,+0.000000E+00,-1.600000E-04,-2.000000E+00
-3.490000E-05,-2.000000E-04,-2.400000E-04,-2.000000E+00
-3.480000E-05,-2.000000E-04,-1.600000E-04,-2.000000E+00
-3.470000E-05,-2.000000E-04,-2.400000E-04,-2.000000E+00
-3.460000E-05,-2.000000E-04,-1.600000E-04,-2.040000E+00
-3.450000E-05,-2.000000E-04,-8.000000E-05,-2.000000E+00
-3.440000E-05,-4.000000E-04,-8.000000E-05,-2.000000E+00
-3.430000E-05,-2.000000E-04,-8.000000E-05,-2.000000E+00
-3.420000E-05,-2.000000E-04,-8.000000E-05,-2.000000E+00
-3.410000E-05,+0.000000E+00,-2.400000E-04,-2.000000E+00
-3.400000E-05,+0.000000E+00,-3.200000E-04,-2.000000E+00
-3.390000E-05,-2.000000E-04,-2.400000E-04,-2.000000E+00
-3.380000E-05,-2.000000E-04,+0.000000E+00,-2.000000E+00
-3.370000E-05,-2.000000E-04,-8.000000E-05,-2.040000E+00
-3.360000E-05,-2.000000E-04,-2.400000E-04,-2.000000E+00
-3.350000E-05,+0.000000E+00,-3.200000E-04,-2.000000E+00
-3.340000E-05,+0.000000E+00,-2.400000E-04,-2.000000E+00
-3.330000E-05,+0.000000E+00,-2.400000E-04,-2.000000E+00
-3.320000E-05,-2.000000E-04,+0.000000E+00,-2.000000E+00
-3.310000E-05,-2.000000E-04,-8.000000E-05,-2.000000E+00
-3.300000E-05,-2.000000E-04,-1.600000E-04,-2.000000E+00
-3.290000E-05,+0.000000E+00,-3.200000E-04,-2.000000E+00
-3.280000E-05,-2.000000E-04,-8.000000E-05,-2.000000E+00
-3.270000E-05,-2.000000E-04,-1.600000E-04,-2.000000E+00
-3.260000E-05,-2.000000E-04,-8.000000E-05,-2.000000E+00
-3.250000E-05,+0.000000E+00,+0.000000E+00,-2.000000E+00
-3.240000E-05,-2.000000E-04,-1.600000E-04,-2.040000E+00
-3.230000E-05,-2.000000E-04,-1.600000E-04,-2.000000E+00
-3.220000E-05,-2.000000E-04,-8.000000E-05,-2.000000E+00
-3.210000E-05,-2.000000E-04,-2.400000E-04,-2.000000E+00
-3.200000E-05,-2.000000E-04,-8.000000E-05,-2.000000E+00
-3.190000E-05,-2.000000E-04,-1.600000E-04,-2.000000E+00
-3.180000E-05,-2.000000E-04,-1.600000E-04,-2.000000E+00
-3.170000E-05,+0.000000E+00,-1.600000E-04,-2.000000E+00
-3.160000E-05,-2.000000E-04,-8.000000E-05,-2.000000E+00
-3.150000E-05,-2.000000E-04,-8.000000E-05,-2.000000E+00
-3.140000E-05,-2.000000E-04,-8.000000E-05,-2.040000E+00
-3.130000E-05,+0.000000E+00,-1.600000E-04,-2.040000E+00
-3.120000E-05,+0.000000E+00,-1.600000E-04,-2.000000E+00
-3.110000E-05,+0.000000E+00,-2.400000E-04,-2.000000E+00
-3.100000E-05,-2.000000E-04,-1.600000E-04,-2.040000E+00
-3.090000E-05,+0.000000E+00,-8.000000E-05,-2.000000E+00
-3.080000E-05,-2.000000E-04,-1.600000E-04,-2.000000E+00
-3.070000E-05,-2.000000E-04,-8.000000E-05,-2.000000E+00
-3.060000E-05,-2.000000E-04,+0.000000E+00,-2.000000E+00
-3.050000E-05,-2.000000E-04,+0.000000E+00,-2.000000E+00
-3.040000E-05,+0.000000E+00,-2.400000E-04,-2.040000E+00
-3.030000E-05,-2.000000E-04,-2.400000E-04,-2.000000E+00
-3.020000E-05,-2.000000E-04,-1.600000E-04,-2.000000E+00
-3.010000E-05,-2.000000E-04,-8.000000E-05,-2.000000E+00
-3.000000E-05,-2.000000E-04,-8.000000E-05,-2.000000E+00
-2.990000E-05,-2.000000E-04,-1.600000E-04,-2.000000E+00
-2.980000E-05,-2.000000E-04,-4.800000E-04,-2.000000E+00
-2.970000E-05,+0.000000E+00,-3.200000E-04,-2.000000E+00
-2.960000E-05,-2.000000E-04,-3.200000E-04,-2.000000E+00
-2.950000E-05,-4.000000E-04,-8.000000E-05,-2.000000E+00
-2.940000E-05,-4.000000E-04,-8.000000E-05,-2.000000E+00
-2.930000E-05,-2.000000E-04,-2.400000E-04,-2.000000E+00
-2.920000E-05,+0.000000E+00,-4.800000E-04,-2.000000E+00
-2.910000E-05,-2.000000E-04,-3.200000E-04,-2.000000E+00
-2.900000E-05,-2.000000E-04,-3.200000E-04,-2.040000E+00
-2.890000E-05,-4.000000E-04,-1.600000E-04,-2.000000E+00
-2.880000E-05,-2.000000E-04,-1.600000E-04,-2.000000E+00
-2.870000E-05,-2.000000E-04,-1.600000E-04,-2.000000E+00
-2.860000E-05,-2.000000E-04,-3.200000E-04,-2.000000E+00
-2.850000E-05,-4.000000E-04,-1.600000E-04,-2.040000E+00
-2.840000E-05,-2.000000E-04,-4.000000E-04,-2.040000E+00
-2.830000E-05,-4.000000E-04,-2.400000E-04,-2.000000E+00
-2.820000E-05,-4.000000E-04,-2.400000E-04,-2.040000E+00
-2.810000E-05,-4.000000E-04,-2.400000E-04,-2.040000E+00
-2.800000E-05,-2.000000E-04,-3.200000E-04,-2.000000E+00
-2.790000E-05,-2.000000E-04,-3.200000E-04,-2.000000E+00
-2.780000E-05,-2.000000E-04,-3.200000E-04,-2.000000E+00
-2.770000E-05,-2.000000E-04,-1.600000E-04,-2.000000E+00
-2.760000E-05,-2.000000E-04,-3.200000E-04,-2.040000E+00
-2.750000E-05,-2.000000E-04,-3.200000E-04,-2.040000E+00
-2.740000E-05,-2.000000E-04,-3.200000E-04,-2.000000E+00
-2.730000E-05,-2.000000E-04,-3.200000E-04,-2.040000E+00
-2.720000E-05,-4.000000E-04,-2.400000E-04,-2.040000E+00
-2.710000E-05,-4.000000E-04,-1.600000E-04,-2.000000E+00
-2.700000E-05,-2.000000E-04,-2.400000E-04,-2.000000E+00
-2.690000E-05,-4.000000E-04,-3.200000E-04,-2.000000E+00
-2.680000E-05,-2.000000E-04,-3.200000E-04,-2.000000E+00
-2.670000E-05,-2.000000E-04,-4.000000E-04,-2.000000E+00
-2.660000E-05,-2.000000E-04,-4.000000E-04,-2.000000E+00
-2.650000E-05,-4.000000E-04,-2.400000E-04,-2.040000E+00
-2.640000E-05,-4.000000E-04,-3.200000E-04,-2.000000E+00
-2.630000E-05,-4.000000E-04,-2.400000E-04,-2.000000E+00
-2.620000E-05,-4.000000E-04,-2.400000E-04,-2.000000E+00
-2.610000E-05,-4.000000E-04,-4.000000E-04,-2.000000E+00
-2.600000E-05,-4.000000E-04,-4.000000E-04,-2.000000E+00
-2.590000E-05,-4.000000E-04,-4.000000E-04,-2.000000E+00
-2.580000E-05,-2.000000E-04,-2.400000E-04,-2.040000E+00
-2.570000E-05,-2.000000E-04,-4.000000E-04,-2.000000E+00
-2.560000E-05,-2.000000E-04,-4.800000E-04,-2.000000E+00
-2.550000E-05,-2.000000E-04,-4.000000E-04,-2.000000E+00
-2.540000E-05,-4.000000E-04,-2.400000E-04,-2.040000E+00
-2.530000E-05,-4.000000E-04,-2.400000E-04,-2.000000E+00
-2.520000E-05,-6.000000E-04,-2.400000E-04,-2.040000E+00
-2.510000E-05,-2.000000E-04,-4.000000E-04,-2.000000E+00
-2.500000E-05,-2.000000E-04,-4.000000E-04,-2.040000E+00
-2.490000E-05,-4.000000E-04,-3.200000E-04,-2.000000E+00
-2.480000E-05,-4.000000E-04,-2.400000E-04,-2.040000E+00
-2.470000E-05,-2.000000E-04,-3.200000E-04,-2.000000E+00
-2.460000E-05,-2.000000E-04,-4.000000E-04,-2.000000E+00
-2.450000E-05,-2.000000E-04,-2.400000E-04,-2.000000E+00
-2.440000E-05,-4.000000E-04,-2.400000E-04,-2.000000E+00
-2.430000E-05,-4.000000E-04,-3.200000E-04,-2.000000E+00
-2.420000E-05,-4.000000E-04,-2.400000E-04,-2.040000E+00
-2.410000E-05,-4.000000E-04,-4.000000E-04,-2.000000E+00
-2.400000E-05,-4.000000E-04,-4.000000E-04,-2.000000E+00
-2.390000E-05,-4.000000E-04,-2.400000E-04,-2.040000E+00
-2.380000E-05,-2.000000E-04,-1.600000E-04,-2.000000E+00
-2.370000E-05,-2.000000E-04,-2.400000E-04,-2.000000E+00
-2.360000E-05,-2.000000E-04,-3.200000E-04,-2.000000E+00
-2.350000E-05,-2.000000E-04,-3.200000E-04,-2.000000E+00
-2.340000E-05,-2.000000E-04,-2.400000E-04,-2.000000E+00
-2.330000E-05,-2.000000E-04,-2.400000E-04,-2.000000E+00
-2.320000E-05,-2.000000E-04,-1.600000E-04,-2.000000E+00
-2.310000E-05,-2.000000E-04,-3.200000E-04,-2.000000E+00
-2.300000E-05,-2.000000E-04,-4.000000E-04,-2.000000E+00
-2.290000E-05,-2.000000E-04,-2.400000E-04,-2.000000E+00
-2.280000E-05,-2.000000E-04,-1.600000E-04,-2.000000E+00
-2.270000E-05,-2.000000E-04,-1.600000E-04,-2.000000E+00
-2.260000E-05,-2.000000E-04,-4.000000E-04,-2.000000E+00
-2.250000E-05,-2.000000E-04,-3.200000E-04,-2.040000E+00
-2.240000E-05,-4.000000E-04,-4.000000E-04,-2.000000E+00
-2.230000E-05,-4.000000E-04,-2.400000E-04,-2.040000E+00
-2.220000E-05,-4.000000E-04,-2.400000E-04,-2.040000E+00
-2.210000E-05,-2.000000E-04,-2.400000E-04,-2.000000E+00
-2.200000E-05,-2.000000E-04,-1.600000E-04,-2.000000E+00
-2.190000E-05,-2.000000E-04,-2.400000E-04,-2.040000E+00
-2.180000E-05,-2.000000E-04,-4.000000E-04,-2.000000E+00
-2.170000E-05,-2.000000E-04,-3.200000E-04,-2.000000E+00
-2.160000E-05,-2.000000E-04,-3.200000E-04,-2.000000E+00
-2.150000E-05,-4.000000E-04,-2.400000E-04,-2.000000E+00
-2.140000E-05,-4.000000E-04,-1.600000E-04,-2.000000E+00
-2.130000E-05,-2.000000E-04,-3.200000E-04,-2.000000E+00
-2.120000E-05,-2.000000E-04,-3.200000E-04,-2.000000E+00
-2.110000E-05,-2.000000E-04,-2.400000E-04,-2.040000E+00
-2.100000E-05,-2.000000E-04,-3.200000E-04,-2.040000E+00
-2.090000E-05,-2.000000E-04,-1.600000E-04,-2.000000E+00
-2.080000E-05,-2.000000E-04,-8.000000E-05,-2.000000E+00
-2.070000E-05,-4.000000E-04,-8.000000E-05,-2.000000E+00
-2.060000E-05,-2.000000E-04,-3.200000E-04,-2.040000E+00
-2.050000E-05,-2.000000E-04,-3.200000E-04,-2.000000E+00
-2.040000E-05,-2.000000E-04,-8.000000E-05,-2.000000E+00
-2.030000E-05,-4.000000E-04,+0.000000E+00,-2.000000E+00
-2.020000E-05,-2.000000E-04,-8.000000E-05,-2.040000E+00
-2.010000E-05,-2.000000E-04,-1.600000E-04,-2.000000E+00
-2.000000E-05,+0.000000E+00,-2.400000E-04,-2.040000E+00
-1.990000E-05,+0.000000E+00,-3.200000E-04,-2.000000E+00
-1.980000E-05,-2.000000E-04,-2.400000E-04,-2.000000E+00
-1.970000E-05,-2.000000E-04,+0.000000E+00,-2.000000E+00
-1.960000E-05,-2.000000E-04,+0.000000E+00,-2.000000E+00
-1.950000E-05,-2.000000E-04,-1.600000E-04,-2.000000E+00
-1.940000E-05,-2.000000E-04,-2.400000E-04,-2.040000E+00
-1.930000E-05,-2.000000E-04,-8.000000E-05,-2.000000E+00
-1.920000E-05,+0.000000E+00,-2.400000E-04,-2.040000E+00
-1.910000E-05,+0.000000E+00,-1.600000E-04,-2.000000E+00
-1.900000E-05,-2.000000E-04,-2.400000E-04,-2.000000E+00
-1.890000E-05,-2.000000E-04,-8.000000E-05,-2.000000E+00
-1.880000E-05,+0.000000E+00,-1.600000E-04,-2.000000E+00
-1.870000E-05,-2.000000E-04,-2.400000E-04,-2.000000E+00
-1.860000E-05,-2.000000E-04,-1.600000E-04,-2.000000E+00
-1.850000E-05,-2.000000E-04,+0.000000E+00,-2.040000E+00
-1.840000E-05,-2.000000E-04,-8.000000E-05,-2.040000E+00
-1.830000E-05,+0.000000E+00,+0.000000E+00,-2.000000E+00
-1.820000E-05,+0.000000E+00,-1.600000E-04,-2.000000E+00
-1.810000E-05,-2.000000E-04,-1.600000E-04,-2.040000E+00
-1.800000E-05,+0.000000E+00,-1.600000E-04,-2.040000E+00
-1.790000E-05,+0.000000E+00,-1.600000E-04,-2.000000E+00
-1.780000E-05,-2.000000E-04,+0.000000E+00,-2.000000E+00
-1.770000E-05,-2.000000E-04,-8.000000E-05,-2.000000E+00
-1.760000E-05,+0.000000E+00,-1.600000E-04,-2.000000E+00
-1.750000E-05,+0.000000E+00,-3.200000E-04,-2.000000E+00
-1.740000E-05,-2.000000E-04,-3.200000E-04,-2.000000E+00
-1.730000E-05,-2.000000E-04,-2.400000E-04,-2.000000E+00
-1.720000E-05,-4.000000E-04,-1.600000E-04,-2.000000E+00
-1.710000E-05,-2.000000E-04,+8.000000E-05,-2.000000E+00
-1.700000E-05,-2.000000E-04,-8.000000E-05,-2.000000E+00
-1.690000E-05,-2.000000E-04,-2.400000E-04,-2.000000E+00
-1.680000E-05,-2.000000E-04,-8.000000E-05,-2.000000E+00
-1.670000E-05,-2.000000E-04,-1.600000E-04,-2.000000E+00
-1.660000E-05,-2.000000E-04,+0.000000E+00,-2.040000E+00
-1.650000E-05,-2.000000E-04,+0.000000E+00,-2.000000E+00
-1.640000E-05,-2.000000E-04,-1.600000E-04,-2.000000E+00
-1.630000E-05,+0.000000E+00,-2.400000E-04,-2.000000E+00
-1.620000E-05,+0.000000E+00,-1.600000E-04,-2.000000E+00
-1.610000E-05,-2.000000E-04,-1.600000E-04,-2.000000E+00
-1.600000E-05,-2.000000E-04,+0.000000E+00,-2.040000E+00
-1.590000E-05,-2.000000E-04,-2.400000E-04,-2.000000E+00
-1.580000E-05,-2.000000E-04,-1.600000E-04,-2.000000E+00
-1.570000E-05,-2.000000E-04,-1.600000E-04,-2.000000E+00
-1.560000E-05,-2.000000E-04,-1.600000E-04,-2.000000E+00
-1.550000E-05,-2.000000E-04,-3.200000E-04,-2.000000E+00
-1.540000E-05,+0.000000E+00,-2.400000E-04,-2.000000E+00
-1.530000E-05,-4.000000E-04,-1.600000E-04,-2.000000E+00
-1.520000E-05,-4.000000E-04,-8.000000E-05,-2.000000E+00
-1.510000E-05,-2.000000E-04,-2.400000E-04,-2.000000E+00
-1.500000E-05,+0.000000E+00,-3.200000E-04,-2.000000E+00
-1.490000E-05,+0.000000E+00,-3.200000E-04,-2.000000E+00
-1.480000E-05,-2.000000E-04,-3.200000E-04,-2.000000E+00
-1.470000E-05,-2.000000E-04,-1.600000E-04,-2.000000E+00
-1.460000E-05,-2.000000E-04,-2.400000E-04,-2.000000E+00
-1.450000E-05,-2.000000E-04,-2.400000E-04,-2.000000E+00
-1.440000E-05,-2.000000E-04,-4.800000E-04,-2.000000E+00
-1.430000E-05,-2.000000E-04,-3.200000E-04,-2.000000E+00
-1.420000E-05,-2.000000E-04,-2.400000E-04,-2.000000E+00
-1.410000E-05,-4.000000E-04,-1.600000E-04,-2.000000E+00
-1.400000E-05,-4.000000E-04,-1.600000E-04,-2.040000E+00
-1.390000E-05,-2.000000E-04,-2.400000E-04,-2.000000E+00
-1.380000E-05,-2.000000E-04,-2.400000E-04,-2.000000E+00
-1.370000E-05,-2.000000E-04,-2.400000E-04,-2.000000E+00
-1.360000E-05,-2.000000E-04,-3.200000E-04,-2.000000E+00
-1.350000E-05,-2.000000E-04,-2.400000E-04,-2.000000E+00
-1.340000E-05,-2.000000E-04,-1.600000E-04,-2.000000E+00
-1.330000E-05,-2.000000E-04,-3.200000E-04,-2.000000E+00
-1.320000E-05,-2.000000E-04,-2.400000E-04,-2.000000E+00
-1.310000E-05,-4.000000E-04,-2.400000E-04,-2.000000E+00
-1.300000E-05,-2.000000E-04,-3.200000E-04,-2.040000E+00
-1.290000E-05,-2.000000E-04,-2.400000E-04,-2.000000E+00
-1.280000E-05,-2.000000E-04,-3.200000E-04,-2.000000E+00
-1.270000E-05,-2.000000E-04,-2.400000E-04,-2.040000E+00
-1.260000E-05,-2.000000E-04,-3.200000E-04,-2.000000E+00
-1.250000E-05,-2.000000E-04,-4.000000E-04,-2.040000E+00
-1.240000E-05,-2.000000E-04,-3.200000E-04,-2.040000E+00
-1.230000E-05,-4.000000E-04,-3.200000E-04,-2.000000E+00
-1.220000E-05,-4.000000E-04,-1.600000E-04,-2.000000E+00
-1.210000E-05,-2.000000E-04,-3.200000E-04,-2.000000E+00
-1.200000E-05,-4.000000E-04,-1.600000E-04,-2.000000E+00
-1.190000E-05,-4.000000E-04,-2.400000E-04,-2.000000E+00
-1.180000E-05,-4.000000E-04,-3.200000E-04,-2.040000E+00
-1.170000E-05,-2.000000E-04,-4.000000E-04,-2.000000E+00
-1.160000E-05,-4.000000E-04,-3.200000E-04,-2.000000E+00
-1.150000E-05,-4.000000E-04,-4.000000E-04,-2.000000E+00
-1.140000E-05,-4.000000E-04,-1.600000E-04,-2.000000E+00
-1.130000E-05,-4.000000E-04,-3.200000E-04,-2.000000E+00
-1.120000E-05,-2.000000E-04,-3.200000E-04,-2.000000E+00
-1.110000E-05,-2.000000E-04,-4.000000E-04,-2.000000E+00
-1.100000E-05,-2.000000E-04,-4.000000E-04,-2.000000E+00
-1.090000E-05,-2.000000E-04,-4.000000E-04,-2.000000E+00
-1.080000E-05,-4.000000E-04,-3.200000E-04,-2.000000E+00
-1.070000E-05,-4.000000E-04,-3.200000E-04,-2.000000E+00
-1.060000E-05,-4.000000E-04,-2.400000E-04,-2.040000E+00
-1.050000E-05,-4.000000E-04,-3.200000E-04,-2.000000E+00
-1.040000E-05,-4.000000E-04,-3.200000E-04,-2.000000E+00
-1.030000E-05,-2.000000E-04,-4.000000E-04,-2.040000E+00
-1.020000E-05,-4.000000E-04,-3.200000E-04,-2.000000E+00
-1.010000E-05,-4.000000E-04,-3.200000E-04,-2.000000E+00
-1.000000E-05,-4.000000E-04,-2.400000E-04,-2.000000E+00
-9.900000E-06,-4.000000E-04,-2.400000E-04,-2.000000E+00
-9.800000E-06,-4.000000E-04,-2.400000E-04,-2.040000E+00
-9.700000E-06,-4.000000E-04,-3.200000E-04,-2.000000E+00
-9.600000E-06,-4.000000E-04,-4.000000E-04,-2.000000E+00
-9.500000E-06,-2.000000E-04,-4.000000E-04,-2.000000E+00
-9.400000E-06,-2.000000E-04,-3.200000E-04,-2.000000E+00
-9.300000E-06,-2.000000E-04,-4.000000E-04,-2.000000E+00
-9.200000E-06,-2.000000E-04,-4.000000E-04,-2.000000E+00
-9.100000E-06,-2.000000E-04,-2.400000E-04,-2.000000E+00
-9.000000E-06,-4.000000E-04,-3.200000E-04,-2.040000E+00
-8.900000E-06,-2.000000E-04,-3.200000E-04,-2.000000E+00
-8.800000E-06,-2.000000E-04,-3.200000E-04,-2.000000E+00
-8.700000E-06,-2.000000E-04,-4.000000E-04,-2.000000E+00
-8.600000E-06,-4.000000E-04,-2.400000E-04,-2.040000E+00
-8.500000E-06,-4.000000E-04,-2.400000E-04,-2.000000E+00
-8.400000E-06,-4.000000E-04,-2.400000E-04,-2.000000E+00
-8.300000E-06,-2.000000E-04,-1.600000E-04,-2.000000E+00
-8.200000E-06,-4.000000E-04,-2.400000E-04,-2.000000E+00
-8.100000E-06,-4.000000E-04,-2.400000E-04,-2.000000E+00
-8.000000E-06,-2.000000E-04,-2.400000E-04,-2.040000E+00
-7.900000E-06,-2.000000E-04,-3.200000E-04,-2.000000E+00
-7.800000E-06,-2.000000E-04,-3.200000E-04,-2.000000E+00
-7.700000E-06,-4.000000E-04,-3.200000E-04,-2.000000E+00
-7.600000E-06,-4.000000E-04,-2.400000E-04,-2.000000E+00
-7.500000E-06,-4.000000E-04,-4.000000E-04,-2.000000E+00
-7.400000E-06,-4.000000E-04,-3.200000E-04,-2.000000E+00
-7.300000E-06,-4.000000E-04,-3.200000E-04,-2.000000E+00
-7.200000E-06,-4.000000E-04,-2.400000E-04,-2.040000E+00
-7.100000E-06,-2.000000E-04,-8.000000E-05,-2.000000E+00
-7.000000E-06,-2.000000E-04,-2.400000E-04,-2.000000E+00
-6.900000E-06,-2.000000E-04,-2.400000E-04,-2.000000E+00
-6.800000E-06,-2.000000E-04,-3.200000E-04,-2.040000E+00
-6.700000E-06,-2.000000E-04,-2.400000E-04,-2.000000E+00
-6.600000E-06,-2.000000E-04,-1.600000E-04,-2.000000E+00
-6.500000E-06,-2.000000E-04,-8.000000E-05,-2.040000E+00
-6.400000E-06,-2.000000E-04,-1.600000E-04,-2.000000E+00
-6.300000E-06,-2.000000E-04,-8.000000E-05,-2.000000E+00
-6.200000E-06,+0.000000E+00,-3.200000E-04,-2.000000E+00
-6.100000E-06,-2.000000E-04,-2.400000E-04,-2.000000E+00
-6.000000E-06,-2.000000E-04,-3.200000E-04,-2.000000E+00
-5.900000E-06,-4.000000E-04,-2.400000E-04,-2.040000E+00
-5.800000E-06,-4.000000E-04,-8.000000E-05,-2.000000E+00
-5.700000E-06,-4.000000E-04,-8.000000E-05,-2.000000E+00
-5.600000E-06,-4.000000E-04,-2.400000E-04,-2.000000E+00
-5.500000E-06,-2.000000E-04,-3.200000E-04,-2.000000E+00
-5.400000E-06,-2.000000E-04,-3.200000E-04,-2.000000E+00
-5.300000E-06,-2.000000E-04,-1.600000E-04,-2.040000E+00
-5.200000E-06,-4.000000E-04,-1.600000E-04,-2.000000E+00
-5.100000E-06,-2.000000E-04,-8.000000E-05,-2.040000E+00
-5.000000E-06,-2.000000E-04,-3.200000E-04,-2.000000E+00
-4.900000E-06,+0.000000E+00,-2.400000E-04,-2.000000E+00
-4.800000E-06,-2.000000E-04,-1.600000E-04,-2.000000E+00
-4.700000E-06,-2.000000E-04,-8.000000E-05,-2.000000E+00
-4.600000E-06,-2.000000E-04,-8.000000E-05,-2.040000E+00
-4.500000E-06,-2.000000E-04,-8.000000E-05,-2.040000E+00
-4.400000E-06,-2.000000E-04,-2.400000E-04,-2.040000E+00
-4.300000E-06,-2.000000E-04,-8.000000E-05,-2.000000E+00
-4.200000E-06,-2.000000E-04,-1.600000E-04,-2.000000E+00
-4.100000E-06,-2.000000E-04,-8.000000E-05,-2.000000E+00
-4.000000E-06,+0.000000E+00,-1.600000E-04,-2.040000E+00
-3.900000E-06,+0.000000E+00,-2.400000E-04,-2.000000E+00
-3.800000E-06,+0.000000E+00,-1.600000E-04,-2.040000E+00
-3.700000E-06,+0.000000E+00,-8.000000E-05,-2.040000E+00
-3.600000E-06,+0.000000E+00,-2.400000E-04,-2.000000E+00
-3.500000E-06,-2.000000E-04,-2.400000E-04,-2.040000E+00
-3.400000E-06,-2.000000E-04,-1.600000E-04,-2.000000E+00
-3.300000E-06,-2.000000E-04,-2.400000E-04,-2.040000E+00
-3.200000E-06,-2.000000E-04,-1.600000E-04,-2.000000E+00
-3.100000E-06,-2.000000E-04,-2.400000E-04,-2.000000E+00
-3.000000E-06,-2.000000E-04,-2.400000E-04,-2.000000E+00
-2.900000E-06,-2.000000E-04,-2.400000E-04,-2.000000E+00
-2.800000E-06,+0.000000E+00,-1.600000E-04,-2.000000E+00
-2.700000E-06,-2.000000E-04,-8.000000E-05,-2.000000E+00
-2.600000E-06,-2.000000E-04,-8.000000E-05,-2.000000E+00
-2.500000E-06,+0.000000E+00,-1.600000E-04,-2.000000E+00
-2.400000E-06,+0.000000E+00,-2.400000E-04,-2.040000E+00
-2.300000E-06,+0.000000E+00,-2.400000E-04,-2.000000E+00
-2.200000E-06,-2.000000E-04,-8.000000E-05,-2.000000E+00
-2.100000E-06,+0.000000E+00,-2.400000E-04,-2.000000E+00
-2.000000E-06,-2.000000E-04,-1.600000E-04,-2.040000E+00
-1.900000E-06,-2.000000E-04,-1.600000E-04,-2.000000E+00
-1.800000E-06,-2.000000E-04,-1.600000E-04,-2.040000E+00
-1.700000E-06,+0.000000E+00,-2.400000E-04,-2.000000E+00
-1.600000E-06,-2.000000E-04,-8.000000E-05,-2.000000E+00
-1.500000E-06,-4.000000E-04,+0.000000E+00,-2.000000E+00
-1.400000E-06,-4.000000E-04,+0.000000E+00,-2.040000E+00
-1.300000E-06,+0.000000E+00,-3.200000E-04,-2.000000E+00
-1.200000E-06,+0.000000E+00,-2.400000E-04,-2.000000E+00
-1.100000E-06,+0.000000E+00,-2.400000E-04,-2.000000E+00
-1.000000E-06,-2.000000E-04,-8.000000E-05,-2.000000E+00
-9.000000E-07,-2.000000E-04,-8.000000E-05,-2.000000E+00
-8.000000E-07,-2.000000E-04,-1.600000E-04,-2.000000E+00
-7.000000E-07,-2.000000E-04,-3.200000E-04,-2.000000E+00
-6.000000E-07,-2.000000E-04,-2.400000E-04,-2.000000E+00
-5.000000E-07,-2.000000E-04,-3.200000E-04,-2.000000E+00
-4.000000E-07,-2.000000E-04,-2.400000E-04,-2.000000E+00
-3.000000E-07,-2.000000E-04,-1.600000E-04,-2.000000E+00
-2.000000E-07,-2.000000E-04,-8.000000E-05,-2.000000E+00
-1.000000E-07,-2.000000E-04,-1.600000E-04,-2.000000E+00
+0.000000E+00,-2.000000E-04,-1.600000E-04,-2.000000E+00
+1.000000E-07,+3.000000E-03,+8.000000E-05,+1.160000E+00
+2.000000E-07,+2.000000E-03,+1.200000E-03,+2.040000E+00
+3.000000E-07,+1.600000E-03,+9.600000E-04,+2.000000E+00
+4.000000E-07,+2.200000E-03,+0.000000E+00,+2.000000E+00
+5.000000E-07,+2.800000E-03,-4.000000E-04,+2.000000E+00
+6.000000E-07,+2.600000E-03,-8.000000E-05,+2.000000E+00
+7.000000E-07,+2.200000E-03,+1.600000E-04,+2.000000E+00
+8.000000E-07,+2.000000E-03,+7.200000E-04,+2.000000E+00
+9.000000E-07,+2.400000E-03,+5.600000E-04,+2.000000E+00
+1.000000E-06,+2.800000E-03,+2.400000E-04,+2.000000E+00
+1.100000E-06,+3.400000E-03,+1.600000E-04,+2.000000E+00
+1.200000E-06,+3.400000E-03,+1.600000E-04,+2.000000E+00
+1.300000E-06,+3.800000E-03,+4.800000E-04,+2.000000E+00
+1.400000E-06,+4.000000E-03,+5.600000E-04,+2.000000E+00
+1.500000E-06,+4.400000E-03,+5.600000E-04,+2.000000E+00
+1.600000E-06,+4.600000E-03,+5.600000E-04,+2.000000E+00
+1.700000E-06,+5.000000E-03,+8.000000E-04,+2.040000E+00
+1.800000E-06,+5.000000E-03,+9.600000E-04,+2.000000E+00
+1.900000E-06,+5.200000E-03,+9.600000E-04,+2.000000E+00
+2.000000E-06,+5.600000E-03,+8.799999E-04,+2.000000E+00
+2.100000E-06,+6.000000E-03,+8.799999E-04,+2.040000E+00
+2.200000E-06,+6.000000E-03,+8.000000E-04,+2.040000E+00
+2.300000E-06,+6.200000E-03,+9.600000E-04,+2.000000E+00
+2.400000E-06,+6.200000E-03,+1.040000E-03,+2.040000E+00
+2.500000E-06,+6.400000E-03,+9.600000E-04,+2.040000E+00
+2.600000E-06,+6.600000E-03,+8.000000E-04,+2.040000E+00
+2.700000E-06,+6.600000E-03,+8.000000E-04,+2.000000E+00
+2.800000E-06,+6.800000E-03,+8.799999E-04,+2.040000E+00
+2.900000E-06,+7.000000E-03,+8.000000E-04,+2.040000E+00
+3.000000E-06,+7.000000E-03,+6.400000E-04,+2.040000E+00
+3.100000E-06,+7.200000E-03,+7.200000E-04,+2.040000E+00
+3.200000E-06,+7.200000E-03,+5.600000E-04,+2.040000E+00
+3.300000E-06,+7.200000E-03,+4.800000E-04,+2.040000E+00
+3.400000E-06,+7.200000E-03,+4.000000E-04,+2.040000E+00
+3.500000E-06,+7.200000E-03,+4.000000E-04,+2.040000E+00
+3.600000E-06,+7.200000E-03,+4.000000E-04,+2.040000E+00
+3.700000E-06,+7.200000E-03,+4.000000E-04,+2.000000E+00
+3.800000E-06,+7.200000E-03,+1.600000E-04,+2.040000E+00
+3.900000E-06,+7.200000E-03,+3.200000E-04,+2.040000E+00
+4.000000E-06,+7.200000E-03,+1.600000E-04,+2.040000E+00
+4.100000E-06,+7.200000E-03,+1.600000E-04,+2.040000E+00
+4.200000E-06,+7.200000E-03,+8.000000E-05,+2.040000E+00
+4.300000E-06,+7.000000E-03,+8.000000E-05,+2.000000E+00
+4.400000E-06,+7.000000E-03,-8.000000E-05,+2.000000E+00
+4.500000E-06,+7.000000E-03,-3.200000E-04,+2.040000E+00
+4.600000E-06,+7.000000E-03,-4.000000E-04,+2.040000E+00
+4.700000E-06,+6.600000E-03,-4.000000E-04,+2.040000E+00
+4.800000E-06,+6.400000E-03,-4.000000E-04,+2.000000E+00
+4.900000E-06,+6.400000E-03,-5.600000E-04,+2.040000E+00
+5.000000E-06,+6.400000E-03,-8.000000E-04,+2.040000E+00
+5.100000E-06,+6.200000E-03,-9.600000E-04,+2.040000E+00
+5.200000E-06,+6.000000E-03,-8.799999E-04,+2.040000E+00
+5.300000E-06,+5.800000E-03,-9.600000E-04,+2.040000E+00
+5.400000E-06,+5.600000E-03,-1.040000E-03,+2.000000E+00
+5.500000E-06,+5.400000E-03,-1.040000E-03,+2.040000E+00
+5.600000E-06,+5.200000E-03,-1.200000E-03,+2.000000E+00
+5.700000E-06,+5.000000E-03,-1.360000E-03,+2.040000E+00
+5.800000E-06,+5.000000E-03,-1.520000E-03,+2.040000E+00
+5.900000E-06,+4.800000E-03,-1.600000E-03,+2.040000E+00
+6.000000E-06,+4.600000E-03,-1.600000E-03,+2.040000E+00
+6.100000E-06,+4.200000E-03,-1.600000E-03,+2.040000E+00
+6.200000E-06,+4.000000E-03,-1.680000E-03,+2.040000E+00
+6.300000E-06,+3.800000E-03,-1.840000E-03,+2.040000E+00
+6.400000E-06,+3.600000E-03,-2.000000E-03,+2.040000E+00
+6.500000E-06,+3.200000E-03,-2.080000E-03,+2.040000E+00
+6.600000E-06,+3.000000E-03,-2.080000E-03,+2.000000E+00
+6.700000E-06,+2.800000E-03,-2.160000E-03,+2.000000E+00
+6.800000E-06,+2.600000E-03,-2.320000E-03,+2.040000E+00
+6.900000E-06,+2.200000E-03,-2.480000E-03,+2.040000E+00
+7.000000E-06,+2.000000E-03,-2.400000E-03,+2.040000E+00
+7.100000E-06,+1.800000E-03,-2.560000E-03,+2.000000E+00
+7.200000E-06,+1.600000E-03,-2.560000E-03,+2.000000E+00
+7.300000E-06,+1.200000E-03,-2.720000E-03,+2.000000E+00
+7.400000E-06,+9.999999E-04,-2.720000E-03,+2.000000E+00
+7.500000E-06,+8.000000E-04,-2.880000E-03,+2.040000E+00
+7.600000E-06,+4.000000E-04,-2.880000E-03,+2.000000E+00
+7.700000E-06,+2.000000E-04,-2.800000E-03,+2.040000E+00
+7.800000E-06,-2.000000E-04,-2.880000E-03,+2.040000E+00
+7.900000E-06,-2.000000E-04,-3.040000E-03,+2.000000E+00
+8.000000E-06,-6.000000E-04,-3.040000E-03,+2.040000E+00
+8.100000E-06,-9.999999E-04,-3.120000E-03,+2.040000E+00
+8.200000E-06,-1.200000E-03,-2.960000E-03,+2.040000E+00
+8.300000E-06,-1.400000E-03,-3.040000E-03,+2.040000E+00
+8.400000E-06,-1.600000E-03,-3.120000E-03,+2.040000E+00
+8.500000E-06,-2.000000E-03,-3.280000E-03,+2.040000E+00
+8.600000E-06,-2.200000E-03,-3.120000E-03,+2.040000E+00
+8.700000E-06,-2.400000E-03,-3.200000E-03,+2.040000E+00
+8.800000E-06,-2.600000E-03,-3.120000E-03,+2.000000E+00
+8.900000E-06,-3.000000E-03,-3.280000E-03,+2.040000E+00
+9.000000E-06,-3.200000E-03,-3.200000E-03,+2.040000E+00
+9.100000E-06,-3.200000E-03,-3.280000E-03,+2.040000E+00
+9.200000E-06,-3.400000E-03,-3.280000E-03,+2.040000E+00
+9.300000E-06,-3.800000E-03,-3.280000E-03,+2.040000E+00
+9.400000E-06,-4.000000E-03,-2.960000E-03,+2.000000E+00
+9.500000E-06,-4.200000E-03,-3.040000E-03,+2.040000E+00
+9.600000E-06,-4.400000E-03,-3.040000E-03,+2.000000E+00
+9.700000E-06,-4.400000E-03,-2.960000E-03,+2.000000E+00
+9.800000E-06,-4.600000E-03,-2.800000E-03,+2.040000E+00
+9.900000E-06,-4.800000E-03,-2.880000E-03,+2.040000E+00
+1.000000E-05,-5.000000E-03,-2.880000E-03,+2.000000E+00
+1.010000E-05,-5.000000E-03,-2.800000E-03,+2.000000E+00
+1.020000E-05,-5.200000E-03,-2.560000E-03,+2.040000E+00
+1.030000E-05,-5.400000E-03,-2.400000E-03,+2.040000E+00
+1.040000E-05,-5.600000E-03,-2.400000E-03,+2.040000E+00
+1.050000E-05,-5.600000E-03,-2.400000E-03,+2.040000E+00
+1.060000E-05,-5.800000E-03,-2.320000E-03,+2.000000E+00
+1.070000E-05,-5.800000E-03,-2.000000E-03,+2.000000E+00
+1.080000E-05,-6.000000E-03,-2.000000E-03,+2.000000E+00
+1.090000E-05,-6.000000E-03,-2.000000E-03,+2.040000E+00
+1.100000E-05,-6.200000E-03,-1.920000E-03,+2.040000E+00
+1.110000E-05,-6.200000E-03,-1.760000E-03,+2.040000E+00
+1.120000E-05,-6.200000E-03,-1.680000E-03,+2.000000E+00
+1.130000E-05,-6.200000E-03,-1.520000E-03,+2.040000E+00
+1.140000E-05,-6.200000E-03,-1.280000E-03,+2.040000E+00
+1.150000E-05,-6.400000E-03,-1.200000E-03,+2.040000E+00
+1.160000E-05,-6.400000E-03,-1.040000E-03,+2.040000E+00
+1.170000E-05,-6.000000E-03,-9.600000E-04,+2.040000E+00
+1.180000E-05,-6.200000E-03,-8.799999E-04,+2.040000E+00
+1.190000E-05,-6.200000E-03,-6.400000E-04,+2.000000E+00
+1.200000E-05,-6.200000E-03,-4.000000E-04,+2.040000E+00
+1.210000E-05,-6.200000E-03,-8.000000E-05,+2.040000E+00
+1.220000E-05,-6.000000E-03,-8.000000E-05,+2.040000E+00
+1.230000E-05,-6.000000E-03,+0.000000E+00,+2.040000E+00
+1.240000E-05,-6.000000E-03,+8.000000E-05,+2.000000E+00
+1.250000E-05,-5.800000E-03,+4.800000E-04,+2.040000E+00
+1.260000E-05,-5.800000E-03,+5.600000E-04,+2.040000E+00
+1.270000E-05,-5.800000E-03,+8.000000E-04,+2.040000E+00
+1.280000E-05,-5.600000E-03,+8.799999E-04,+2.000000E+00
+1.290000E-05,-5.400000E-03,+1.120000E-03,+2.000000E+00
+1.300000E-05,-5.200000E-03,+1.040000E-03,+2.000000E+00
+1.310000E-05,-5.200000E-03,+1.200000E-03,+2.040000E+00
+1.320000E-05,-5.000000E-03,+1.360000E-03,+2.000000E+00
+1.330000E-05,-5.000000E-03,+1.600000E-03,+2.040000E+00
+1.340000E-05,-4.800000E-03,+1.760000E-03,+2.040000E+00
+1.350000E-05,-4.800000E-03,+1.760000E-03,+2.040000E+00
+1.360000E-05,-4.400000E-03,+1.920000E-03,+2.040000E+00
+1.370000E-05,-4.400000E-03,+2.160000E-03,+2.040000E+00
+1.380000E-05,-4.200000E-03,+2.400000E-03,+2.040000E+00
+1.390000E-05,-4.000000E-03,+2.480000E-03,+2.040000E+00
+1.400000E-05,-3.600000E-03,+2.560000E-03,+2.000000E+00
+1.410000E-05,-3.400000E-03,+2.720000E-03,+2.000000E+00
+1.420000E-05,-3.400000E-03,+2.880000E-03,+2.000000E+00
+1.430000E-05,-3.400000E-03,+3.120000E-03,+2.040000E+00
+1.440000E-05,-3.000000E-03,+3.200000E-03,+2.040000E+00
+1.450000E-05,-2.800000E-03,+3.200000E-03,+2.000000E+00
+1.460000E-05,-2.600000E-03,+3.360000E-03,+2.040000E+00
+1.470000E-05,-2.400000E-03,+3.520000E-03,+2.000000E+00
+1.480000E-05,-2.400000E-03,+3.680000E-03,+2.000000E+00
+1.490000E-05,-2.200000E-03,+3.760000E-03,+2.040000E+00
+1.500000E-05,-1.800000E-03,+3.680000E-03,+2.040000E+00
+1.510000E-05,-1.600000E-03,+3.840000E-03,+2.040000E+00
+1.520000E-05,-1.400000E-03,+3.840000E-03,+2.040000E+00
+1.530000E-05,-1.200000E-03,+4.080000E-03,+2.040000E+00
+1.540000E-05,-9.999999E-04,+4.160000E-03,+2.000000E+00
+1.550000E-05,-8.000000E-04,+4.160000E-03,+2.040000E+00
+1.560000E-05,-4.000000E-04,+4.160000E-03,+2.040000E+00
+1.570000E-05,-2.000000E-04,+4.240000E-03,+2.040000E+00
+1.580000E-05,+0.000000E+00,+4.240000E-03,+2.000000E+00
+1.590000E-05,+2.000000E-04,+4.320000E-03,+2.000000E+00
+1.600000E-05,+2.000000E-04,+4.400000E-03,+2.040000E+00
+1.610000E-05,+4.000000E-04,+4.480000E-03,+2.040000E+00
+1.620000E-05,+8.000000E-04,+4.480000E-03,+2.000000E+00
+1.630000E-05,+8.000000E-04,+4.560000E-03,+2.040000E+00
+1.640000E-05,+1.200000E-03,+4.480000E-03,+2.040000E+00
+1.650000E-05,+1.200000E-03,+4.400000E-03,+2.040000E+00
+1.660000E-05,+1.600000E-03,+4.400000E-03,+2.000000E+00
+1.670000E-05,+1.800000E-03,+4.320000E-03,+2.040000E+00
+1.680000E-05,+2.000000E-03,+4.320000E-03,+2.000000E+00
+1.690000E-05,+1.800000E-03,+4.240000E-03,+2.040000E+00
+1.700000E-05,+2.200000E-03,+4.400000E-03,+2.000000E+00
+1.710000E-05,+2.400000E-03,+4.160000E-03,+2.040000E+00
+1.720000E-05,+2.600000E-03,+4.080000E-03,+2.040000E+00
+1.730000E-05,+2.600000E-03,+3.920000E-03,+2.000000E+00
+1.740000E-05,+3.000000E-03,+3.920000E-03,+2.040000E+00
+1.750000E-05,+3.000000E-03,+3.840000E-03,+2.040000E+00
+1.760000E-05,+3.000000E-03,+3.840000E-03,+2.040000E+00
+1.770000E-05,+3.200000E-03,+3.680000E-03,+2.000000E+00
+1.780000E-05,+3.200000E-03,+3.600000E-03,+2.040000E+00
+1.790000E-05,+3.400000E-03,+3.440000E-03,+2.000000E+00
+1.800000E-05,+3.400000E-03,+3.440000E-03,+2.040000E+00
+1.810000E-05,+3.600000E-03,+3.200000E-03,+2.000000E+00
+1.820000E-05,+3.800000E-03,+3.120000E-03,+2.000000E+00
+1.830000E-05,+4.000000E-03,+2.960000E-03,+2.040000E+00
+1.840000E-05,+4.000000E-03,+2.960000E-03,+2.000000E+00
+1.850000E-05,+4.000000E-03,+2.720000E-03,+2.000000E+00
+1.860000E-05,+4.000000E-03,+2.640000E-03,+2.040000E+00
+1.870000E-05,+4.200000E-03,+2.400000E-03,+2.040000E+00
+1.880000E-05,+4.000000E-03,+2.240000E-03,+2.000000E+00
+1.890000E-05,+4.000000E-03,+2.080000E-03,+2.000000E+00
+1.900000E-05,+4.200000E-03,+2.000000E-03,+2.040000E+00
+1.910000E-05,+4.400000E-03,+1.680000E-03,+2.040000E+00
+1.920000E-05,+4.200000E-03,+1.520000E-03,+2.000000E+00
+1.930000E-05,+4.400000E-03,+1.040000E-03,+2.000000E+00
+1.940000E-05,+4.400000E-03,+1.120000E-03,+2.040000E+00
+1.950000E-05,+4.400000E-03,+9.600000E-04,+2.040000E+00
+1.960000E-05,+4.200000E-03,+8.000000E-04,+2.040000E+00
+1.970000E-05,+4.400000E-03,+6.400000E-04,+2.040000E+00
+1.980000E-05,+4.200000E-03,+4.000000E-04,+2.000000E+00
+1.990000E-05,+4.400000E-03,+8.000000E-05,+2.040000E+00
+2.000000E-05,+4.400000E-03,-8.000000E-05,+2.000000E+00
+2.010000E-05,+4.400000E-03,-3.200000E-04,+2.040000E+00
+2.020000E-05,+4.400000E-03,-6.400000E-04,+2.040000E+00
+2.030000E-05,+4.200000E-03,-7.200000E-04,+2.040000E+00
+2.040000E-05,+4.000000E-03,-8.799999E-04,+2.040000E+00
+2.050000E-05,+4.000000E-03,-9.600000E-04,+2.000000E+00
+2.060000E-05,+3.800000E-03,-1.280000E-03,+2.000000E+00
+2.070000E-05,+3.800000E-03,-1.600000E-03,+2.040000E+00
+2.080000E-05,+3.600000E-03,-1.760000E-03,+2.040000E+00
+2.090000E-05,+3.600000E-03,-1.920000E-03,+2.040000E+00
+2.100000E-05,+3.600000E-03,-2.160000E-03,+2.040000E+00
+2.110000E-05,+3.400000E-03,-2.320000E-03,+2.040000E+00
+2.120000E-05,+3.200000E-03,-2.560000E-03,+2.040000E+00
+2.130000E-05,+3.400000E-03,-2.720000E-03,+2.040000E+00
+2.140000E-05,+3.200000E-03,-3.040000E-03,+2.040000E+00
+2.150000E-05,+3.200000E-03,-3.200000E-03,+2.040000E+00
+2.160000E-05,+3.000000E-03,-3.520000E-03,+2.000000E+00
+2.170000E-05,+3.000000E-03,-3.600000E-03,+2.040000E+00
+2.180000E-05,+2.600000E-03,-3.760000E-03,+2.040000E+00
+2.190000E-05,+2.400000E-03,-3.920000E-03,+2.040000E+00
+2.200000E-05,+2.400000E-03,-4.000000E-03,+2.040000E+00
+2.210000E-05,+2.400000E-03,-4.160000E-03,+2.040000E+00
+2.220000E-05,+2.200000E-03,-4.400000E-03,+2.040000E+00
+2.230000E-05,+2.000000E-03,-4.480000E-03,+2.000000E+00
+2.240000E-05,+1.800000E-03,-4.560000E-03,+2.000000E+00
+2.250000E-05,+1.800000E-03,-4.640000E-03,+2.000000E+00
+2.260000E-05,+1.600000E-03,-4.960000E-03,+2.040000E+00
+2.270000E-05,+1.400000E-03,-4.960000E-03,+2.040000E+00
+2.280000E-05,+1.400000E-03,-5.280000E-03,+2.000000E+00
+2.290000E-05,+1.200000E-03,-5.280000E-03,+2.040000E+00
+2.300000E-05,+9.999999E-04,-5.520000E-03,+2.040000E+00
+2.310000E-05,+8.000000E-04,-5.440000E-03,+2.000000E+00
+2.320000E-05,+8.000000E-04,-5.680000E-03,+2.040000E+00
+2.330000E-05,+6.000000E-04,-5.680000E-03,+2.000000E+00
+2.340000E-05,+4.000000E-04,-5.840000E-03,+2.040000E+00
+2.350000E-05,+2.000000E-04,-5.920000E-03,+2.000000E+00
+2.360000E-05,+2.000000E-04,-5.840000E-03,+2.040000E+00
+2.370000E-05,+0.000000E+00,-5.840000E-03,+2.040000E+00
+2.380000E-05,-2.000000E-04,-5.840000E-03,+2.000000E+00
+2.390000E-05,-4.000000E-04,-5.920000E-03,+2.040000E+00
+2.400000E-05,-2.000000E-04,-6.000000E-03,+2.040000E+00
+2.410000E-05,-6.000000E-04,-5.920000E-03,+2.040000E+00
+2.420000E-05,-6.000000E-04,-5.920000E-03,+2.040000E+00
+2.430000E-05,-8.000000E-04,-5.920000E-03,+2.040000E+00
+2.440000E-05,-6.000000E-04,-6.080000E-03,+2.040000E+00
+2.450000E-05,-8.000000E-04,-6.000000E-03,+2.040000E+00
+2.460000E-05,-9.999999E-04,-6.000000E-03,+2.040000E+00
+2.470000E-05,-1.200000E-03,-5.680000E-03,+2.040000E+00
+2.480000E-05,-1.200000E-03,-5.680000E-03,+2.000000E+00
+2.490000E-05,-1.400000E-03,-5.760000E-03,+2.040000E+00
+2.500000E-05,-1.600000E-03,-5.840000E-03,+2.040000E+00
+2.510000E-05,-1.600000E-03,-5.680000E-03,+2.000000E+00
+2.520000E-05,-1.800000E-03,-5.520000E-03,+2.040000E+00
+2.530000E-05,-2.000000E-03,-5.440000E-03,+2.040000E+00
+2.540000E-05,-2.000000E-03,-5.280000E-03,+2.000000E+00
+2.550000E-05,-2.000000E-03,-5.360000E-03,+2.040000E+00
+2.560000E-05,-2.000000E-03,-5.040000E-03,+2.000000E+00
+2.570000E-05,-2.200000E-03,-4.960000E-03,+2.000000E+00
+2.580000E-05,-2.400000E-03,-4.720000E-03,+2.000000E+00
+2.590000E-05,-2.200000E-03,-4.720000E-03,+2.040000E+00
+2.600000E-05,-2.200000E-03,-4.560000E-03,+2.040000E+00
+2.610000E-05,-2.200000E-03,-4.480000E-03,+2.040000E+00
+2.620000E-05,-2.400000E-03,-4.240000E-03,+2.040000E+00
+2.630000E-05,-2.600000E-03,-4.000000E-03,+2.040000E+00
+2.640000E-05,-2.600000E-03,-3.680000E-03,+2.000000E+00
+2.650000E-05,-2.600000E-03,-3.600000E-03,+2.040000E+00
+2.660000E-05,-2.600000E-03,-3.440000E-03,+2.040000E+00
+2.670000E-05,-2.400000E-03,-3.360000E-03,+2.000000E+00
+2.680000E-05,-2.600000E-03,-3.120000E-03,+2.040000E+00
+2.690000E-05,-2.800000E-03,-2.880000E-03,+2.040000E+00
+2.700000E-05,-2.600000E-03,-2.640000E-03,+2.000000E+00
+2.710000E-05,-2.600000E-03,-2.560000E-03,+2.040000E+00
+2.720000E-05,-2.800000E-03,-2.240000E-03,+2.040000E+00
+2.730000E-05,-2.800000E-03,-2.000000E-03,+2.000000E+00
+2.740000E-05,-2.800000E-03,-1.680000E-03,+2.040000E+00
+2.750000E-05,-2.600000E-03,-1.600000E-03,+2.000000E+00
+2.760000E-05,-2.600000E-03,-1.360000E-03,+2.000000E+00
+2.770000E-05,-2.600000E-03,-1.120000E-03,+2.040000E+00
+2.780000E-05,-2.600000E-03,-8.000000E-04,+2.000000E+00
+2.790000E-05,-2.400000E-03,-6.400000E-04,+2.040000E+00
+2.800000E-05,-2.400000E-03,-4.000000E-04,+2.040000E+00
+2.810000E-05,-2.200000E-03,-2.400000E-04,+2.040000E+00
+2.820000E-05,-2.400000E-03,+1.600000E-04,+2.040000E+00
+2.830000E-05,-2.200000E-03,+2.400000E-04,+2.000000E+00
+2.840000E-05,-2.400000E-03,+4.800000E-04,+2.000000E+00
+2.850000E-05,-2.200000E-03,+8.000000E-04,+2.000000E+00
+2.860000E-05,-2.200000E-03,+1.040000E-03,+2.040000E+00
+2.870000E-05,-2.000000E-03,+1.360000E-03,+2.040000E+00
+2.880000E-05,-2.200000E-03,+1.520000E-03,+2.040000E+00
+2.890000E-05,-2.000000E-03,+1.680000E-03,+2.040000E+00
+2.900000E-05,-2.000000E-03,+2.000000E-03,+2.040000E+00
+2.910000E-05,-2.000000E-03,+2.400000E-03,+2.040000E+00
+2.920000E-05,-2.000000E-03,+2.560000E-03,+2.040000E+00
+2.930000E-05,-1.800000E-03,+2.720000E-03,+2.040000E+00
+2.940000E-05,-1.600000E-03,+2.800000E-03,+2.040000E+00
+2.950000E-05,-1.600000E-03,+2.960000E-03,+2.040000E+00
+2.960000E-05,-1.600000E-03,+3.280000E-03,+2.040000E+00
+2.970000E-05,-1.400000E-03,+3.520000E-03,+2.000000E+00
+2.980000E-05,-1.400000E-03,+3.600000E-03,+2.040000E+00
+2.990000E-05,-1.200000E-03,+3.840000E-03,+2.040000E+00
+3.000000E-05,-1.400000E-03,+3.920000E-03,+2.040000E+00
+3.010000E-05,-1.200000E-03,+4.240000E-03,+2.000000E+00
+3.020000E-05,-9.999999E-04,+4.400000E-03,+2.040000E+00
+3.030000E-05,-9.999999E-04,+4.560000E-03,+2.040000E+00
+3.040000E-05,-9.999999E-04,+4.800000E-03,+2.000000E+00
+3.050000E-05,-9.999999E-04,+5.040000E-03,+2.040000E+00
+3.060000E-05,-8.000000E-04,+4.960000E-03,+2.000000E+00
+3.070000E-05,-8.000000E-04,+5.120000E-03,+2.040000E+00
+3.080000E-05,-8.000000E-04,+5.200000E-03,+2.040000E+00
+3.090000E-05,-6.000000E-04,+5.360000E-03,+2.040000E+00
+3.100000E-05,-6.000000E-04,+5.440000E-03,+2.040000E+00
+3.110000E-05,-6.000000E-04,+5.600000E-03,+2.040000E+00
+3.120000E-05,-4.000000E-04,+5.520000E-03,+2.000000E+00
+3.130000E-05,-4.000000E-04,+5.760000E-03,+2.000000E+00
+3.140000E-05,-2.000000E-04,+5.760000E-03,+2.040000E+00
+3.150000E-05,-2.000000E-04,+5.760000E-03,+2.040000E+00
+3.160000E-05,+0.000000E+00,+5.760000E-03,+2.040000E+00
+3.170000E-05,+0.000000E+00,+5.840000E-03,+2.040000E+00
+3.180000E-05,+0.000000E+00,+5.920000E-03,+2.040000E+00
+3.190000E-05,+0.000000E+00,+6.000000E-03,+2.040000E+00
+3.200000E-05,+0.000000E+00,+6.080000E-03,+2.040000E+00
+3.210000E-05,+0.000000E+00,+6.160000E-03,+2.040000E+00
+3.220000E-05,+2.000000E-04,+6.080000E-03,+2.000000E+00
+3.230000E-05,+2.000000E-04,+5.920000E-03,+2.040000E+00
+3.240000E-05,+4.000000E-04,+5.680000E-03,+2.000000E+00
+3.250000E-05,+4.000000E-04,+5.920000E-03,+2.040000E+00
+3.260000E-05,+2.000000E-04,+5.920000E-03,+2.040000E+00
+3.270000E-05,+2.000000E-04,+5.920000E-03,+2.040000E+00
+3.280000E-05,+4.000000E-04,+5.680000E-03,+2.040000E+00
+3.290000E-05,+4.000000E-04,+5.600000E-03,+2.040000E+00
+3.300000E-05,+6.000000E-04,+5.520000E-03,+2.040000E+00
+3.310000E-05,+6.000000E-04,+5.520000E-03,+2.040000E+00
+3.320000E-05,+6.000000E-04,+5.280000E-03,+2.040000E+00
+3.330000E-05,+6.000000E-04,+5.120000E-03,+2.040000E+00
+3.340000E-05,+6.000000E-04,+5.120000E-03,+2.040000E+00
+3.350000E-05,+4.000000E-04,+5.040000E-03,+2.040000E+00
+3.360000E-05,+6.000000E-04,+4.960000E-03,+2.040000E+00
+3.370000E-05,+6.000000E-04,+4.720000E-03,+2.040000E+00
+3.380000E-05,+6.000000E-04,+4.560000E-03,+2.000000E+00
+3.390000E-05,+6.000000E-04,+4.480000E-03,+2.000000E+00
+3.400000E-05,+6.000000E-04,+4.400000E-03,+2.040000E+00
+3.410000E-05,+6.000000E-04,+4.080000E-03,+2.000000E+00
+3.420000E-05,+6.000000E-04,+3.840000E-03,+2.040000E+00
+3.430000E-05,+6.000000E-04,+3.760000E-03,+2.000000E+00
+3.440000E-05,+6.000000E-04,+3.520000E-03,+2.040000E+00
+3.450000E-05,+6.000000E-04,+3.280000E-03,+2.000000E+00
+3.460000E-05,+6.000000E-04,+3.200000E-03,+2.000000E+00
+3.470000E-05,+6.000000E-04,+2.880000E-03,+2.040000E+00
+3.480000E-05,+6.000000E-04,+2.880000E-03,+2.040000E+00
+3.490000E-05,+6.000000E-04,+2.560000E-03,+2.040000E+00
+3.500000E-05,+6.000000E-04,+2.240000E-03,+2.040000E+00
+3.510000E-05,+6.000000E-04,+1.920000E-03,+2.000000E+00
+3.520000E-05,+6.000000E-04,+1.920000E-03,+2.040000E+00
+3.530000E-05,+4.000000E-04,+1.520000E-03,+2.000000E+00
+3.540000E-05,+4.000000E-04,+1.520000E-03,+2.040000E+00
+3.550000E-05,+4.000000E-04,+1.040000E-03,+2.000000E+00
+3.560000E-05,+4.000000E-04,+1.120000E-03,+2.040000E+00
+3.570000E-05,+4.000000E-04,+6.400000E-04,+2.040000E+00
+3.580000E-05,+4.000000E-04,+3.200000E-04,+2.000000E+00
+3.590000E-05,+4.000000E-04,+8.000000E-05,+2.040000E+00
+3.600000E-05,+2.000000E-04,-8.000000E-05,+2.000000E+00
+3.610000E-05,+2.000000E-04,-4.800000E-04,+2.000000E+00
+3.620000E-05,+2.000000E-04,-4.800000E-04,+2.040000E+00
+3.630000E-05,+0.000000E+00,-8.000000E-04,+2.040000E+00
+3.640000E-05,+0.000000E+00,-9.600000E-04,+2.040000E+00
+3.650000E-05,+0.000000E+00,-1.440000E-03,+2.040000E+00
+3.660000E-05,+0.000000E+00,-1.600000E-03,+2.000000E+00
+3.670000E-05,+2.000000E-04,-1.920000E-03,+2.040000E+00
+3.680000E-05,+0.000000E+00,-2.080000E-03,+2.040000E+00
+3.690000E-05,+0.000000E+00,-2.240000E-03,+2.000000E+00
+3.700000E-05,+0.000000E+00,-2.400000E-03,+2.000000E+00
+3.710000E-05,+0.000000E+00,-2.720000E-03,+2.040000E+00
+3.720000E-05,-2.000000E-04,-2.880000E-03,+2.040000E+00
+3.730000E-05,+0.000000E+00,-3.120000E-03,+2.000000E+00
+3.740000E-05,-2.000000E-04,-3.280000E-03,+2.040000E+00
+3.750000E-05,-2.000000E-04,-3.520000E-03,+2.040000E+00
+3.760000E-05,-2.000000E-04,-3.760000E-03,+2.040000E+00
+3.770000E-05,-2.000000E-04,-4.000000E-03,+2.000000E+00
+3.780000E-05,-4.000000E-04,-4.160000E-03,+2.040000E+00
+3.790000E-05,-2.000000E-04,-4.240000E-03,+2.040000E+00
+3.800000E-05,-4.000000E-04,-4.480000E-03,+2.040000E+00
+3.810000E-05,-2.000000E-04,-4.640000E-03,+2.040000E+00
+3.820000E-05,-4.000000E-04,-4.800000E-03,+2.000000E+00
+3.830000E-05,-4.000000E-04,-5.040000E-03,+2.000000E+00
+3.840000E-05,-4.000000E-04,-5.200000E-03,+2.040000E+00
+3.850000E-05,-4.000000E-04,-5.280000E-03,+2.040000E+00
+3.860000E-05,-4.000000E-04,-5.520000E-03,+2.040000E+00
+3.870000E-05,-4.000000E-04,-5.520000E-03,+2.040000E+00
+3.880000E-05,-4.000000E-04,-5.760000E-03,+2.000000E+00
+3.890000E-05,-6.000000E-04,-5.760000E-03,+2.040000E+00
+3.900000E-05,-6.000000E-04,-5.760000E-03,+2.000000E+00
+3.910000E-05,-6.000000E-04,-5.840000E-03,+2.040000E+00
+3.920000E-05,-4.000000E-04,-6.080000E-03,+2.040000E+00
+3.930000E-05,-4.000000E-04,-6.080000E-03,+2.040000E+00
+3.940000E-05,-4.000000E-04,-6.160000E-03,+2.000000E+00
+3.950000E-05,-4.000000E-04,-6.000000E-03,+2.040000E+00
+3.960000E-05,-4.000000E-04,-6.080000E-03,+2.040000E+00
+3.970000E-05,-4.000000E-04,-6.160000E-03,+2.040000E+00
+3.980000E-05,-4.000000E-04,-6.320000E-03,+2.040000E+00
+3.990000E-05,-4.000000E-04,-6.320000E-03,+2.000000E+00
+4.000000E-05,-2.000000E-04,-6.240000E-03,+2.040000E+00
+4.010000E-05,-2.000000E-04,-6.320000E-03,+2.040000E+00
+4.020000E-05,-4.000000E-04,-6.240000E-03,+2.040000E+00
+4.030000E-05,-4.000000E-04,-6.240000E-03,+2.040000E+00
+4.040000E-05,-2.000000E-04,-6.320000E-03,+2.000000E+00
+4.050000E-05,-2.000000E-04,-6.080000E-03,+2.040000E+00
+4.060000E-05,-2.000000E-04,-6.080000E-03,+2.000000E+00
+4.070000E-05,-2.000000E-04,-6.000000E-03,+2.000000E+00
+4.080000E-05,+0.000000E+00,-6.000000E-03,+2.040000E+00
+4.090000E-05,+0.000000E+00,-5.920000E-03,+2.040000E+00
+4.100000E-05,+0.000000E+00,-5.920000E-03,+2.040000E+00
+4.110000E-05,+0.000000E+00,-5.680000E-03,+2.040000E+00
+4.120000E-05,+2.000000E-04,-5.680000E-03,+2.040000E+00
+4.130000E-05,+2.000000E-04,-5.600000E-03,+2.040000E+00
+4.140000E-05,+2.000000E-04,-5.520000E-03,+2.040000E+00
+4.150000E-05,+2.000000E-04,-5.280000E-03,+2.000000E+00
+4.160000E-05,+4.000000E-04,-5.120000E-03,+2.000000E+00
+4.170000E-05,+2.000000E-04,-5.040000E-03,+2.040000E+00
+4.180000E-05,+4.000000E-04,-4.800000E-03,+2.040000E+00
+4.190000E-05,+4.000000E-04,-4.560000E-03,+2.040000E+00
+4.200000E-05,+6.000000E-04,-4.560000E-03,+2.000000E+00
+4.210000E-05,+6.000000E-04,-4.400000E-03,+2.040000E+00
+4.220000E-05,+6.000000E-04,-4.080000E-03,+2.000000E+00
+4.230000E-05,+6.000000E-04,-3.840000E-03,+2.040000E+00
+4.240000E-05,+8.000000E-04,-3.840000E-03,+2.000000E+00
+4.250000E-05,+8.000000E-04,-3.680000E-03,+2.040000E+00
+4.260000E-05,+8.000000E-04,-3.440000E-03,+2.040000E+00
+4.270000E-05,+8.000000E-04,-3.280000E-03,+2.040000E+00
+4.280000E-05,+9.999999E-04,-2.960000E-03,+2.040000E+00
+4.290000E-05,+8.000000E-04,-2.800000E-03,+2.000000E+00
+4.300000E-05,+9.999999E-04,-2.640000E-03,+2.040000E+00
+4.310000E-05,+9.999999E-04,-2.400000E-03,+2.040000E+00
+4.320000E-05,+1.200000E-03,-2.160000E-03,+2.040000E+00
+4.330000E-05,+9.999999E-04,-1.840000E-03,+2.040000E+00
+4.340000E-05,+1.200000E-03,-1.760000E-03,+2.040000E+00
+4.350000E-05,+1.400000E-03,-1.760000E-03,+2.000000E+00
+4.360000E-05,+1.400000E-03,-1.360000E-03,+2.000000E+00
+4.370000E-05,+1.200000E-03,-9.600000E-04,+2.040000E+00
+4.380000E-05,+1.200000E-03,-7.200000E-04,+2.000000E+00
+4.390000E-05,+1.400000E-03,-6.400000E-04,+2.000000E+00
+4.400000E-05,+1.200000E-03,-3.200000E-04,+2.040000E+00
+4.410000E-05,+1.400000E-03,-2.400000E-04,+2.040000E+00
+4.420000E-05,+1.400000E-03,+8.000000E-05,+2.040000E+00
+4.430000E-05,+1.400000E-03,+2.400000E-04,+2.000000E+00
+4.440000E-05,+1.400000E-03,+6.400000E-04,+2.040000E+00
+4.450000E-05,+1.400000E-03,+7.200000E-04,+2.040000E+00
+4.460000E-05,+1.600000E-03,+1.040000E-03,+2.040000E+00
+4.470000E-05,+1.600000E-03,+1.040000E-03,+2.000000E+00
+4.480000E-05,+1.600000E-03,+1.440000E-03,+2.040000E+00
+4.490000E-05,+1.600000E-03,+1.520000E-03,+2.040000E+00
+4.500000E-05,+1.800000E-03,+1.840000E-03,+2.000000E+00
+4.510000E-05,+1.600000E-03,+1.920000E-03,+2.000000E+00
+4.520000E-05,+1.600000E-03,+2.240000E-03,+2.000000E+00
+4.530000E-05,+1.800000E-03,+2.240000E-03,+2.040000E+00
+4.540000E-05,+1.600000E-03,+2.560000E-03,+2.040000E+00
+4.550000E-05,+1.600000E-03,+2.720000E-03,+2.000000E+00
+4.560000E-05,+1.400000E-03,+3.040000E-03,+2.040000E+00
+4.570000E-05,+1.600000E-03,+3.040000E-03,+2.000000E+00
+4.580000E-05,+1.400000E-03,+3.360000E-03,+2.040000E+00
+4.590000E-05,+1.600000E-03,+3.520000E-03,+2.040000E+00
+4.600000E-05,+1.400000E-03,+3.680000E-03,+2.040000E+00
+4.610000E-05,+1.600000E-03,+3.680000E-03,+2.040000E+00
+4.620000E-05,+1.600000E-03,+3.840000E-03,+2.040000E+00
+4.630000E-05,+1.400000E-03,+3.920000E-03,+2.040000E+00
+4.640000E-05,+1.200000E-03,+4.000000E-03,+2.040000E+00
+4.650000E-05,+1.200000E-03,+4.240000E-03,+2.040000E+00
+4.660000E-05,+9.999999E-04,+4.400000E-03,+2.000000E+00
+4.670000E-05,+1.200000E-03,+4.320000E-03,+2.040000E+00
+4.680000E-05,+9.999999E-04,+4.480000E-03,+2.040000E+00
+4.690000E-05,+1.200000E-03,+4.560000E-03,+2.040000E+00
+4.700000E-05,+9.999999E-04,+4.720000E-03,+2.040000E+00
+4.710000E-05,+8.000000E-04,+4.960000E-03,+2.000000E+00
+4.720000E-05,+8.000000E-04,+4.960000E-03,+2.040000E+00
+4.730000E-05,+8.000000E-04,+4.880000E-03,+2.000000E+00
+4.740000E-05,+8.000000E-04,+4.800000E-03,+2.000000E+00
+4.750000E-05,+8.000000E-04,+4.880000E-03,+2.000000E+00
+4.760000E-05,+6.000000E-04,+4.880000E-03,+2.000000E+00
+4.770000E-05,+4.000000E-04,+5.120000E-03,+2.040000E+00
+4.780000E-05,+2.000000E-04,+5.120000E-03,+2.000000E+00
+4.790000E-05,+2.000000E-04,+5.200000E-03,+2.040000E+00
+4.800000E-05,+2.000000E-04,+5.120000E-03,+2.040000E+00
+4.810000E-05,+0.000000E+00,+4.960000E-03,+2.040000E+00
+4.820000E-05,+0.000000E+00,+4.960000E-03,+2.040000E+00
+4.830000E-05,+0.000000E+00,+5.040000E-03,+2.040000E+00
+4.840000E-05,-2.000000E-04,+4.960000E-03,+2.040000E+00
+4.850000E-05,-4.000000E-04,+4.960000E-03,+2.000000E+00
+4.860000E-05,-4.000000E-04,+4.960000E-03,+2.040000E+00
+4.870000E-05,-4.000000E-04,+4.800000E-03,+2.040000E+00
+4.880000E-05,-6.000000E-04,+4.720000E-03,+2.040000E+00
+4.890000E-05,-8.000000E-04,+4.640000E-03,+2.040000E+00
+4.900000E-05,-8.000000E-04,+4.560000E-03,+2.040000E+00
+4.910000E-05,-8.000000E-04,+4.560000E-03,+2.040000E+00
+4.920000E-05,-9.999999E-04,+4.480000E-03,+2.040000E+00
+4.930000E-05,-1.200000E-03,+4.400000E-03,+2.040000E+00
+4.940000E-05,-1.200000E-03,+4.160000E-03,+2.040000E+00
+4.950000E-05,-1.200000E-03,+4.160000E-03,+2.000000E+00
+4.960000E-05,-1.200000E-03,+4.000000E-03,+2.040000E+00
+4.970000E-05,-1.600000E-03,+3.920000E-03,+2.040000E+00
+4.980000E-05,-1.600000E-03,+3.680000E-03,+2.040000E+00
+4.990000E-05,-1.600000E-03,+3.680000E-03,+2.000000E+00
+5.000000E-05,-1.800000E-03,+3.440000E-03,+2.040000E+00
+5.010000E-05,-2.000000E-03,+3.200000E-03,+2.040000E+00
+5.020000E-05,-2.000000E-03,+2.960000E-03,+2.040000E+00
+5.030000E-05,-2.000000E-03,+2.880000E-03,+2.000000E+00
+5.040000E-05,-2.200000E-03,+2.800000E-03,+2.040000E+00
+5.050000E-05,-2.400000E-03,+2.640000E-03,+2.040000E+00
+5.060000E-05,-2.400000E-03,+2.480000E-03,+2.040000E+00
+5.070000E-05,-2.400000E-03,+2.240000E-03,+2.000000E+00
+5.080000E-05,-2.400000E-03,+2.080000E-03,+2.040000E+00
+5.090000E-05,-2.600000E-03,+1.920000E-03,+2.040000E+00
+5.100000E-05,-2.800000E-03,+1.680000E-03,+2.040000E+00
+5.110000E-05,-2.800000E-03,+1.600000E-03,+2.040000E+00
+5.120000E-05,-2.800000E-03,+1.280000E-03,+2.000000E+00
+5.130000E-05,-2.800000E-03,+1.200000E-03,+2.040000E+00
+5.140000E-05,-2.800000E-03,+9.600000E-04,+2.040000E+00
+5.150000E-05,-3.000000E-03,+8.799999E-04,+2.040000E+00
+5.160000E-05,-3.000000E-03,+7.200000E-04,+2.040000E+00
+5.170000E-05,-3.000000E-03,+5.600000E-04,+2.040000E+00
+5.180000E-05,-3.000000E-03,+2.400000E-04,+2.040000E+00
+5.190000E-05,-3.200000E-03,+1.600000E-04,+2.040000E+00
+5.200000E-05,-3.200000E-03,+8.000000E-05,+2.000000E+00
+5.210000E-05,-3.200000E-03,-1.600000E-04,+2.000000E+00
+5.220000E-05,-3.200000E-03,-5.600000E-04,+2.000000E+00
+5.230000E-05,-3.200000E-03,-7.200000E-04,+2.040000E+00
+5.240000E-05,-3.200000E-03,-8.799999E-04,+2.040000E+00
+5.250000E-05,-3.400000E-03,-9.600000E-04,+2.040000E+00
+5.260000E-05,-3.400000E-03,-1.040000E-03,+2.040000E+00
+5.270000E-05,-3.400000E-03,-1.360000E-03,+2.040000E+00
+5.280000E-05,-3.200000E-03,-1.600000E-03,+2.040000E+00
+5.290000E-05,-3.200000E-03,-1.920000E-03,+2.040000E+00
+5.300000E-05,-3.200000E-03,-2.000000E-03,+2.000000E+00
+5.310000E-05,-3.200000E-03,-2.080000E-03,+2.040000E+00
+5.320000E-05,-3.000000E-03,-2.240000E-03,+2.040000E+00
+5.330000E-05,-3.200000E-03,-2.320000E-03,+2.040000E+00
+5.340000E-05,-3.000000E-03,-2.400000E-03,+2.000000E+00
+5.350000E-05,-3.200000E-03,-2.640000E-03,+2.040000E+00
+5.360000E-05,-3.000000E-03,-2.720000E-03,+2.040000E+00
+5.370000E-05,-3.000000E-03,-2.800000E-03,+2.040000E+00
+5.380000E-05,-2.800000E-03,-2.960000E-03,+2.040000E+00
+5.390000E-05,-2.800000E-03,-3.120000E-03,+2.000000E+00
+5.400000E-05,-2.800000E-03,-3.120000E-03,+2.000000E+00
+5.410000E-05,-2.800000E-03,-3.440000E-03,+2.040000E+00
+5.420000E-05,-2.600000E-03,-3.440000E-03,+2.040000E+00
+5.430000E-05,-2.600000E-03,-3.600000E-03,+2.000000E+00
+5.440000E-05,-2.400000E-03,-3.520000E-03,+2.040000E+00
+5.450000E-05,-2.200000E-03,-3.840000E-03,+2.040000E+00
+5.460000E-05,-2.200000E-03,-3.920000E-03,+2.040000E+00
+5.470000E-05,-2.000000E-03,-4.080000E-03,+2.040000E+00
+5.480000E-05,-2.000000E-03,-4.000000E-03,+2.040000E+00
+5.490000E-05,-1.800000E-03,-4.160000E-03,+2.040000E+00
+5.500000E-05,-1.800000E-03,-4.080000E-03,+2.000000E+00
+5.510000E-05,-1.800000E-03,-4.080000E-03,+2.040000E+00
+5.520000E-05,-1.600000E-03,-4.240000E-03,+2.040000E+00
+5.530000E-05,-1.400000E-03,-4.240000E-03,+2.040000E+00
+5.540000E-05,-1.200000E-03,-4.160000E-03,+2.000000E+00
+5.550000E-05,-1.200000E-03,-4.400000E-03,+2.040000E+00
+5.560000E-05,-9.999999E-04,-4.320000E-03,+2.040000E+00
+5.570000E-05,-9.999999E-04,-4.240000E-03,+2.040000E+00
+5.580000E-05,-9.999999E-04,-4.240000E-03,+2.000000E+00
+5.590000E-05,-6.000000E-04,-4.240000E-03,+2.040000E+00
+5.600000E-05,-4.000000E-04,-4.320000E-03,+2.040000E+00
+5.610000E-05,-2.000000E-04,-4.480000E-03,+2.000000E+00
+5.620000E-05,-2.000000E-04,-4.320000E-03,+2.000000E+00
+5.630000E-05,-2.000000E-04,-4.320000E-03,+2.040000E+00
+5.640000E-05,+0.000000E+00,-4.160000E-03,+2.000000E+00
+5.650000E-05,+2.000000E-04,-4.080000E-03,+2.040000E+00
+5.660000E-05,+2.000000E-04,-4.000000E-03,+2.000000E+00
+5.670000E-05,+6.000000E-04,-4.080000E-03,+2.000000E+00
+5.680000E-05,+6.000000E-04,-4.000000E-03,+2.040000E+00
+5.690000E-05,+8.000000E-04,-4.000000E-03,+2.040000E+00
+5.700000E-05,+9.999999E-04,-3.840000E-03,+2.040000E+00
+5.710000E-05,+1.200000E-03,-3.680000E-03,+2.000000E+00
+5.720000E-05,+1.200000E-03,-3.760000E-03,+2.040000E+00
+5.730000E-05,+1.400000E-03,-3.520000E-03,+2.040000E+00
+5.740000E-05,+1.600000E-03,-3.600000E-03,+2.040000E+00
+5.750000E-05,+1.800000E-03,-3.440000E-03,+2.000000E+00
+5.760000E-05,+2.000000E-03,-3.600000E-03,+2.040000E+00
+5.770000E-05,+2.000000E-03,-3.200000E-03,+2.000000E+00
+5.780000E-05,+2.200000E-03,-3.120000E-03,+2.040000E+00
+5.790000E-05,+2.200000E-03,-2.960000E-03,+2.000000E+00
+5.800000E-05,+2.200000E-03,-2.960000E-03,+2.040000E+00
+5.810000E-05,+2.400000E-03,-2.800000E-03,+2.040000E+00
+5.820000E-05,+2.600000E-03,-2.560000E-03,+2.040000E+00
+5.830000E-05,+2.800000E-03,-2.560000E-03,+2.000000E+00
+5.840000E-05,+2.800000E-03,-2.480000E-03,+2.040000E+00
+5.850000E-05,+2.800000E-03,-2.320000E-03,+2.040000E+00
+5.860000E-05,+3.000000E-03,-2.240000E-03,+2.000000E+00
+5.870000E-05,+3.200000E-03,-2.080000E-03,+2.040000E+00
+5.880000E-05,+3.200000E-03,-1.840000E-03,+2.000000E+00
+5.890000E-05,+3.200000E-03,-1.840000E-03,+2.000000E+00
+5.900000E-05,+3.400000E-03,-1.760000E-03,+2.040000E+00
+5.910000E-05,+3.400000E-03,-1.520000E-03,+2.040000E+00
+5.920000E-05,+3.400000E-03,-1.440000E-03,+2.040000E+00
+5.930000E-05,+3.600000E-03,-1.200000E-03,+2.040000E+00
+5.940000E-05,+3.800000E-03,-1.120000E-03,+2.040000E+00
+5.950000E-05,+3.800000E-03,-8.799999E-04,+2.000000E+00
+5.960000E-05,+3.800000E-03,-8.799999E-04,+2.040000E+00
+5.970000E-05,+3.800000E-03,-7.200000E-04,+2.040000E+00
+5.980000E-05,+4.200000E-03,-7.200000E-04,+2.040000E+00
+5.990000E-05,+4.000000E-03,-4.800000E-04,+2.000000E+00
+6.000000E-05,+4.000000E-03,-1.600000E-04,+2.000000E+00
+6.010000E-05,+4.000000E-03,-1.600000E-04,+2.040000E+00
+6.020000E-05,+4.000000E-03,+0.000000E+00,+2.040000E+00
+6.030000E-05,+4.000000E-03,+0.000000E+00,+2.040000E+00
+6.040000E-05,+4.200000E-03,+1.600000E-04,+2.040000E+00
+6.050000E-05,+4.200000E-03,+2.400000E-04,+2.000000E+00
+6.060000E-05,+4.000000E-03,+4.800000E-04,+2.040000E+00
+6.070000E-05,+4.000000E-03,+6.400000E-04,+2.040000E+00
+6.080000E-05,+4.000000E-03,+8.799999E-04,+2.040000E+00
+6.090000E-05,+3.800000E-03,+8.000000E-04,+2.040000E+00
+6.100000E-05,+4.000000E-03,+8.799999E-04,+2.040000E+00
+6.110000E-05,+4.000000E-03,+1.040000E-03,+2.000000E+00
+6.120000E-05,+3.800000E-03,+1.120000E-03,+2.000000E+00
+6.130000E-05,+4.000000E-03,+1.120000E-03,+2.040000E+00
+6.140000E-05,+3.800000E-03,+1.200000E-03,+2.040000E+00
+6.150000E-05,+3.800000E-03,+1.440000E-03,+2.040000E+00
+6.160000E-05,+3.800000E-03,+1.520000E-03,+2.040000E+00
+6.170000E-05,+3.400000E-03,+1.680000E-03,+2.000000E+00
+6.180000E-05,+3.400000E-03,+1.520000E-03,+2.040000E+00
+6.190000E-05,+3.400000E-03,+1.680000E-03,+2.040000E+00
+6.200000E-05,+3.400000E-03,+1.840000E-03,+2.040000E+00
+6.210000E-05,+3.200000E-03,+1.920000E-03,+2.040000E+00
+6.220000E-05,+3.000000E-03,+2.080000E-03,+2.040000E+00
+6.230000E-05,+3.000000E-03,+2.000000E-03,+2.040000E+00
+6.240000E-05,+2.800000E-03,+2.160000E-03,+2.040000E+00
+6.250000E-05,+2.800000E-03,+2.000000E-03,+2.040000E+00
+6.260000E-05,+2.600000E-03,+2.160000E-03,+2.040000E+00
+6.270000E-05,+2.600000E-03,+2.240000E-03,+2.040000E+00
+6.280000E-05,+2.400000E-03,+2.400000E-03,+2.040000E+00
+6.290000E-05,+2.200000E-03,+2.160000E-03,+2.040000E+00
+6.300000E-05,+2.000000E-03,+2.080000E-03,+2.000000E+00
+6.310000E-05,+2.000000E-03,+2.160000E-03,+2.040000E+00
+6.320000E-05,+1.800000E-03,+2.320000E-03,+2.040000E+00
+6.330000E-05,+1.600000E-03,+2.480000E-03,+2.040000E+00
+6.340000E-05,+1.400000E-03,+2.480000E-03,+2.040000E+00
+6.350000E-05,+1.200000E-03,+2.320000E-03,+2.040000E+00
+6.360000E-05,+1.200000E-03,+2.400000E-03,+2.000000E+00
+6.370000E-05,+9.999999E-04,+2.400000E-03,+2.040000E+00
+6.380000E-05,+8.000000E-04,+2.400000E-03,+2.040000E+00
+6.390000E-05,+6.000000E-04,+2.480000E-03,+2.040000E+00
+6.400000E-05,+4.000000E-04,+2.560000E-03,+2.040000E+00
+6.410000E-05,+2.000000E-04,+2.400000E-03,+2.040000E+00
+6.420000E-05,+2.000000E-04,+2.160000E-03,+2.040000E+00
+6.430000E-05,+0.000000E+00,+2.000000E-03,+2.040000E+00
+6.440000E-05,-2.000000E-04,+2.160000E-03,+2.040000E+00
+6.450000E-05,-4.000000E-04,+2.240000E-03,+2.040000E+00
+6.460000E-05,-8.000000E-04,+2.240000E-03,+2.000000E+00
+6.470000E-05,-8.000000E-04,+2.000000E-03,+2.040000E+00
+6.480000E-05,-8.000000E-04,+2.000000E-03,+2.040000E+00
+6.490000E-05,-9.999999E-04,+1.920000E-03,+2.040000E+00
+6.500000E-05,-1.400000E-03,+1.840000E-03,+2.040000E+00
+6.510000E-05,-1.600000E-03,+2.000000E-03,+2.040000E+00
+6.520000E-05,-1.600000E-03,+1.760000E-03,+2.040000E+00
+6.530000E-05,-1.800000E-03,+1.760000E-03,+2.000000E+00
+6.540000E-05,-2.000000E-03,+1.680000E-03,+2.000000E+00
+6.550000E-05,-2.200000E-03,+1.600000E-03,+2.040000E+00
+6.560000E-05,-2.400000E-03,+1.520000E-03,+2.040000E+00
+6.570000E-05,-2.600000E-03,+1.600000E-03,+2.000000E+00
+6.580000E-05,-2.600000E-03,+1.200000E-03,+2.000000E+00
+6.590000E-05,-2.800000E-03,+1.360000E-03,+2.040000E+00
+6.600000E-05,-3.000000E-03,+1.360000E-03,+2.040000E+00
+6.610000E-05,-3.000000E-03,+1.120000E-03,+2.040000E+00
+6.620000E-05,-3.200000E-03,+8.799999E-04,+2.040000E+00
+6.630000E-05,-3.400000E-03,+9.600000E-04,+2.040000E+00
+6.640000E-05,-3.600000E-03,+1.040000E-03,+2.040000E+00
+6.650000E-05,-3.800000E-03,+1.040000E-03,+2.040000E+00
+6.660000E-05,-3.800000E-03,+8.799999E-04,+2.040000E+00
+6.670000E-05,-3.800000E-03,+8.000000E-04,+2.000000E+00
+6.680000E-05,-3.800000E-03,+6.400000E-04,+2.000000E+00
+6.690000E-05,-4.000000E-03,+4.800000E-04,+2.040000E+00
+6.700000E-05,-4.000000E-03,+4.000000E-04,+2.040000E+00
+6.710000E-05,-4.200000E-03,+6.400000E-04,+2.040000E+00
+6.720000E-05,-4.400000E-03,+4.800000E-04,+2.040000E+00
+6.730000E-05,-4.400000E-03,+2.400000E-04,+2.000000E+00
+6.740000E-05,-4.200000E-03,-2.400000E-04,+2.040000E+00
+6.750000E-05,-4.600000E-03,-8.000000E-05,+2.040000E+00
+6.760000E-05,-4.800000E-03,+8.000000E-05,+2.000000E+00
+6.770000E-05,-4.800000E-03,+8.000000E-05,+2.040000E+00
+6.780000E-05,-4.600000E-03,-2.400000E-04,+2.000000E+00
+6.790000E-05,-4.800000E-03,-1.600000E-04,+2.040000E+00
+6.800000E-05,-4.800000E-03,-4.000000E-04,+2.000000E+00
+6.810000E-05,-4.800000E-03,-4.000000E-04,+2.040000E+00
+6.820000E-05,-4.600000E-03,-3.200000E-04,+2.040000E+00
+6.830000E-05,-4.800000E-03,-4.800000E-04,+2.040000E+00
+6.840000E-05,-4.800000E-03,-6.400000E-04,+2.040000E+00
+6.850000E-05,-4.800000E-03,-7.200000E-04,+2.040000E+00
+6.860000E-05,-4.600000E-03,-8.000000E-04,+2.040000E+00
+6.870000E-05,-4.800000E-03,-8.000000E-04,+2.040000E+00
+6.880000E-05,-4.800000E-03,-7.200000E-04,+2.040000E+00
+6.890000E-05,-5.000000E-03,-8.799999E-04,+2.040000E+00
+6.900000E-05,-4.600000E-03,-9.600000E-04,+2.040000E+00
+6.910000E-05,-4.600000E-03,-9.600000E-04,+2.040000E+00
+6.920000E-05,-4.800000E-03,-9.600000E-04,+2.040000E+00
+6.930000E-05,-4.800000E-03,-9.600000E-04,+2.040000E+00
+6.940000E-05,-4.600000E-03,-9.600000E-04,+2.040000E+00
+6.950000E-05,-4.400000E-03,-1.200000E-03,+2.000000E+00
+6.960000E-05,-4.400000E-03,-1.040000E-03,+2.040000E+00
+6.970000E-05,-4.200000E-03,-1.200000E-03,+2.000000E+00
+6.980000E-05,-4.000000E-03,-1.200000E-03,+2.040000E+00
+6.990000E-05,-3.800000E-03,-1.280000E-03,+2.000000E+00
+7.000000E-05,-3.800000E-03,-1.280000E-03,+2.040000E+00
+7.010000E-05,-3.800000E-03,-1.440000E-03,+2.040000E+00
+7.020000E-05,-3.600000E-03,-1.200000E-03,+2.000000E+00
+7.030000E-05,-3.400000E-03,-1.360000E-03,+2.040000E+00
+7.040000E-05,-3.400000E-03,-1.200000E-03,+2.040000E+00
+7.050000E-05,-3.400000E-03,-1.360000E-03,+2.000000E+00
+7.060000E-05,-3.200000E-03,-1.360000E-03,+2.040000E+00
+7.070000E-05,-3.000000E-03,-1.280000E-03,+2.040000E+00
+7.080000E-05,-2.800000E-03,-1.200000E-03,+2.040000E+00
+7.090000E-05,-2.800000E-03,-1.440000E-03,+2.000000E+00
+7.100000E-05,-2.600000E-03,-1.200000E-03,+2.000000E+00
+7.110000E-05,-2.200000E-03,-1.280000E-03,+2.040000E+00
+7.120000E-05,-2.200000E-03,-1.360000E-03,+2.000000E+00
+7.130000E-05,-2.000000E-03,-1.440000E-03,+2.000000E+00
+7.140000E-05,-1.800000E-03,-1.360000E-03,+2.040000E+00
+7.150000E-05,-1.400000E-03,-1.280000E-03,+2.040000E+00
+7.160000E-05,-1.400000E-03,-1.360000E-03,+2.040000E+00
+7.170000E-05,-1.400000E-03,-1.280000E-03,+2.040000E+00
+7.180000E-05,-1.200000E-03,-1.280000E-03,+2.040000E+00
+7.190000E-05,-9.999999E-04,-1.200000E-03,+2.040000E+00
+7.200000E-05,-8.000000E-04,-1.200000E-03,+2.040000E+00
+7.210000E-05,-6.000000E-04,-1.120000E-03,+2.000000E+00
+7.220000E-05,-4.000000E-04,-1.120000E-03,+2.000000E+00
+7.230000E-05,-2.000000E-04,-1.120000E-03,+2.040000E+00
+7.240000E-05,+0.000000E+00,-1.120000E-03,+2.040000E+00
+7.250000E-05,+2.000000E-04,-9.600000E-04,+2.040000E+00
+7.260000E-05,+2.000000E-04,-1.040000E-03,+2.000000E+00
+7.270000E-05,+6.000000E-04,-9.600000E-04,+2.040000E+00
+7.280000E-05,+8.000000E-04,-1.040000E-03,+2.000000E+00
+7.290000E-05,+9.999999E-04,-1.040000E-03,+2.040000E+00
+7.300000E-05,+9.999999E-04,-9.600000E-04,+2.000000E+00
+7.310000E-05,+1.400000E-03,-8.799999E-04,+2.000000E+00
+7.320000E-05,+1.600000E-03,-9.600000E-04,+2.040000E+00
+7.330000E-05,+1.600000E-03,-6.400000E-04,+2.040000E+00
+7.340000E-05,+1.400000E-03,-4.800000E-04,+2.040000E+00
+7.350000E-05,+1.800000E-03,-4.800000E-04,+2.040000E+00
+7.360000E-05,+2.400000E-03,-7.200000E-04,+2.040000E+00
+7.370000E-05,+2.600000E-03,-8.000000E-04,+2.040000E+00
+7.380000E-05,+2.400000E-03,-5.600000E-04,+2.040000E+00
+7.390000E-05,+2.400000E-03,-3.200000E-04,+2.000000E+00
+7.400000E-05,+2.800000E-03,-3.200000E-04,+2.040000E+00
+7.410000E-05,+3.000000E-03,-4.000000E-04,+2.040000E+00
+7.420000E-05,+3.200000E-03,-4.800000E-04,+2.040000E+00
+7.430000E-05,+3.200000E-03,-4.000000E-04,+2.040000E+00
+7.440000E-05,+3.400000E-03,-4.000000E-04,+2.000000E+00
+7.450000E-05,+3.600000E-03,-3.200000E-04,+2.040000E+00
+7.460000E-05,+3.400000E-03,-3.200000E-04,+2.040000E+00
+7.470000E-05,+3.600000E-03,-2.400000E-04,+2.040000E+00
+7.480000E-05,+3.800000E-03,-3.200000E-04,+2.040000E+00
+7.490000E-05,+4.000000E-03,-2.400000E-04,+2.040000E+00
+7.500000E-05,+4.000000E-03,-1.600000E-04,+2.040000E+00
+7.510000E-05,+4.000000E-03,-8.000000E-05,+2.000000E+00
+7.520000E-05,+4.000000E-03,-8.000000E-05,+2.040000E+00
+7.530000E-05,+4.200000E-03,+0.000000E+00,+2.040000E+00
+7.540000E-05,+4.400000E-03,-1.600000E-04,+2.000000E+00
+7.550000E-05,+4.400000E-03,-8.000000E-05,+2.040000E+00
+7.560000E-05,+4.400000E-03,+8.000000E-05,+2.040000E+00
+7.570000E-05,+4.600000E-03,+8.000000E-05,+2.040000E+00
+7.580000E-05,+4.600000E-03,-8.000000E-05,+2.040000E+00
+7.590000E-05,+4.600000E-03,+0.000000E+00,+2.000000E+00
+7.600000E-05,+4.600000E-03,-8.000000E-05,+2.000000E+00
+7.610000E-05,+4.800000E-03,-8.000000E-05,+2.040000E+00
+7.620000E-05,+4.800000E-03,-8.000000E-05,+2.040000E+00
+7.630000E-05,+4.600000E-03,+0.000000E+00,+2.040000E+00
+7.640000E-05,+4.600000E-03,+1.600000E-04,+2.040000E+00
+7.650000E-05,+4.600000E-03,+8.000000E-05,+2.040000E+00
+7.660000E-05,+4.800000E-03,+8.000000E-05,+2.040000E+00
+7.670000E-05,+4.600000E-03,+0.000000E+00,+2.040000E+00
+7.680000E-05,+4.600000E-03,+8.000000E-05,+2.000000E+00
+7.690000E-05,+4.400000E-03,+0.000000E+00,+2.040000E+00
+7.700000E-05,+4.600000E-03,-8.000000E-05,+2.000000E+00
+7.710000E-05,+4.400000E-03,+8.000000E-05,+2.040000E+00
+7.720000E-05,+4.200000E-03,+8.000000E-05,+2.000000E+00
+7.730000E-05,+4.400000E-03,-8.000000E-05,+2.040000E+00
+7.740000E-05,+4.400000E-03,-1.600000E-04,+2.040000E+00
+7.750000E-05,+4.200000E-03,-1.600000E-04,+2.000000E+00
+7.760000E-05,+4.000000E-03,+0.000000E+00,+2.000000E+00
+7.770000E-05,+4.000000E-03,-8.000000E-05,+2.000000E+00
+7.780000E-05,+4.000000E-03,-2.400000E-04,+2.000000E+00
+7.790000E-05,+3.800000E-03,-3.200000E-04,+2.040000E+00
+7.800000E-05,+3.600000E-03,-2.400000E-04,+2.040000E+00
+7.810000E-05,+3.400000E-03,-8.000000E-05,+2.040000E+00
+7.820000E-05,+3.400000E-03,-8.000000E-05,+2.040000E+00
+7.830000E-05,+3.400000E-03,-3.200000E-04,+2.040000E+00
+7.840000E-05,+3.400000E-03,-4.800000E-04,+2.040000E+00
+7.850000E-05,+3.000000E-03,-4.800000E-04,+2.040000E+00
+7.860000E-05,+2.800000E-03,-1.600000E-04,+2.040000E+00
+7.870000E-05,+2.800000E-03,-2.400000E-04,+2.000000E+00
+7.880000E-05,+2.600000E-03,-3.200000E-04,+2.040000E+00
+7.890000E-05,+2.600000E-03,-5.600000E-04,+2.040000E+00
+7.900000E-05,+2.400000E-03,-5.600000E-04,+2.040000E+00
+7.910000E-05,+2.200000E-03,-4.800000E-04,+2.040000E+00
+7.920000E-05,+1.800000E-03,-3.200000E-04,+2.040000E+00
+7.930000E-05,+1.600000E-03,-4.000000E-04,+2.040000E+00
+7.940000E-05,+1.600000E-03,-4.800000E-04,+2.040000E+00
+7.950000E-05,+1.600000E-03,-8.000000E-04,+2.040000E+00
+7.960000E-05,+1.400000E-03,-8.000000E-04,+2.040000E+00
+7.970000E-05,+9.999999E-04,-7.200000E-04,+2.040000E+00
+7.980000E-05,+8.000000E-04,-6.400000E-04,+2.040000E+00
+7.990000E-05,+8.000000E-04,-8.000000E-04,+2.040000E+00
+8.000000E-05,+6.000000E-04,-8.000000E-04,+2.040000E+00
+8.010000E-05,+4.000000E-04,-9.600000E-04,+2.000000E+00
+8.020000E-05,+2.000000E-04,-8.000000E-04,+2.040000E+00
+8.030000E-05,+2.000000E-04,-1.040000E-03,+2.040000E+00
+8.040000E-05,-2.000000E-04,-8.799999E-04,+2.040000E+00
+8.050000E-05,-4.000000E-04,-8.000000E-04,+2.040000E+00
+8.060000E-05,-6.000000E-04,-9.600000E-04,+2.040000E+00
+8.070000E-05,-6.000000E-04,-1.040000E-03,+2.040000E+00
+8.080000E-05,-8.000000E-04,-1.040000E-03,+2.040000E+00
+8.090000E-05,-9.999999E-04,-1.040000E-03,+2.040000E+00
+8.100000E-05,-1.200000E-03,-1.040000E-03,+2.040000E+00
+8.110000E-05,-1.200000E-03,-1.120000E-03,+2.000000E+00
+8.120000E-05,-1.400000E-03,-1.200000E-03,+2.040000E+00
+8.130000E-05,-1.800000E-03,-1.200000E-03,+2.040000E+00
+8.140000E-05,-1.800000E-03,-1.280000E-03,+2.040000E+00
+8.150000E-05,-2.000000E-03,-1.040000E-03,+2.040000E+00
+8.160000E-05,-2.200000E-03,-1.120000E-03,+2.040000E+00
+8.170000E-05,-2.200000E-03,-1.200000E-03,+2.000000E+00
+8.180000E-05,-2.400000E-03,-1.360000E-03,+2.040000E+00
+8.190000E-05,-2.600000E-03,-1.120000E-03,+2.040000E+00
+8.200000E-05,-2.800000E-03,-1.120000E-03,+2.040000E+00
+8.210000E-05,-3.000000E-03,-1.120000E-03,+2.000000E+00
+8.220000E-05,-3.000000E-03,-1.280000E-03,+2.040000E+00
+8.230000E-05,-3.200000E-03,-1.200000E-03,+2.040000E+00
+8.240000E-05,-3.200000E-03,-1.360000E-03,+2.040000E+00
+8.250000E-05,-3.200000E-03,-1.040000E-03,+2.040000E+00
+8.260000E-05,-3.600000E-03,-1.120000E-03,+2.040000E+00
+8.270000E-05,-3.600000E-03,-1.040000E-03,+2.040000E+00
+8.280000E-05,-3.600000E-03,-1.120000E-03,+2.000000E+00
+8.290000E-05,-3.600000E-03,-1.040000E-03,+2.040000E+00
+8.300000E-05,-3.800000E-03,-1.120000E-03,+2.040000E+00
+8.310000E-05,-3.800000E-03,-1.040000E-03,+2.040000E+00
+8.320000E-05,-4.000000E-03,-1.040000E-03,+2.040000E+00
+8.330000E-05,-4.000000E-03,-8.799999E-04,+2.040000E+00
+8.340000E-05,-4.200000E-03,-9.600000E-04,+2.000000E+00
+8.350000E-05,-4.400000E-03,-9.600000E-04,+2.040000E+00
+8.360000E-05,-4.200000E-03,-8.799999E-04,+2.040000E+00
+8.370000E-05,-4.400000E-03,-8.000000E-04,+2.040000E+00
+8.380000E-05,-4.200000E-03,-8.000000E-04,+2.040000E+00
+8.390000E-05,-4.400000E-03,-8.000000E-04,+2.040000E+00
+8.400000E-05,-4.400000E-03,-7.200000E-04,+2.040000E+00
+8.410000E-05,-4.400000E-03,-8.000000E-04,+2.040000E+00
+8.420000E-05,-4.400000E-03,-6.400000E-04,+2.000000E+00
+8.430000E-05,-4.400000E-03,-5.600000E-04,+2.040000E+00
+8.440000E-05,-4.400000E-03,-5.600000E-04,+2.040000E+00
+8.450000E-05,-4.400000E-03,-4.800000E-04,+2.000000E+00
+8.460000E-05,-4.400000E-03,-5.600000E-04,+2.040000E+00
+8.470000E-05,-4.400000E-03,-4.000000E-04,+2.040000E+00
+8.480000E-05,-4.400000E-03,-1.600000E-04,+2.000000E+00
+8.490000E-05,-4.200000E-03,-2.400000E-04,+2.000000E+00
+8.500000E-05,-4.200000E-03,-8.000000E-05,+2.040000E+00
+8.510000E-05,-4.200000E-03,-8.000000E-05,+2.000000E+00
+8.520000E-05,-4.200000E-03,+8.000000E-05,+2.040000E+00
+8.530000E-05,-4.200000E-03,+1.600000E-04,+2.040000E+00
+8.540000E-05,-4.000000E-03,+2.400000E-04,+2.000000E+00
+8.550000E-05,-4.000000E-03,+8.000000E-05,+2.040000E+00
+8.560000E-05,-3.800000E-03,+3.200000E-04,+2.000000E+00
+8.570000E-05,-3.800000E-03,+2.400000E-04,+2.040000E+00
+8.580000E-05,-3.600000E-03,+3.200000E-04,+2.040000E+00
+8.590000E-05,-3.600000E-03,+3.200000E-04,+2.040000E+00
+8.600000E-05,-3.400000E-03,+5.600000E-04,+2.000000E+00
+8.610000E-05,-3.400000E-03,+6.400000E-04,+2.040000E+00
+8.620000E-05,-3.200000E-03,+6.400000E-04,+2.040000E+00
+8.630000E-05,-3.000000E-03,+6.400000E-04,+2.000000E+00
+8.640000E-05,-3.000000E-03,+6.400000E-04,+2.040000E+00
+8.650000E-05,-3.000000E-03,+8.000000E-04,+2.040000E+00
+8.660000E-05,-2.800000E-03,+1.040000E-03,+2.040000E+00
+8.670000E-05,-2.600000E-03,+1.120000E-03,+2.040000E+00
+8.680000E-05,-2.400000E-03,+1.040000E-03,+2.000000E+00
+8.690000E-05,-2.400000E-03,+1.040000E-03,+2.040000E+00
+8.700000E-05,-2.200000E-03,+1.040000E-03,+2.040000E+00
+8.710000E-05,-2.000000E-03,+1.280000E-03,+2.040000E+00
+8.720000E-05,-2.000000E-03,+1.360000E-03,+2.040000E+00
+8.730000E-05,-1.800000E-03,+1.520000E-03,+2.040000E+00
+8.740000E-05,-1.800000E-03,+1.600000E-03,+2.000000E+00
+8.750000E-05,-1.400000E-03,+1.360000E-03,+2.000000E+00
+8.760000E-05,-1.400000E-03,+1.440000E-03,+2.040000E+00
+8.770000E-05,-1.200000E-03,+1.520000E-03,+2.040000E+00
+8.780000E-05,-1.200000E-03,+1.520000E-03,+2.040000E+00
+8.790000E-05,-9.999999E-04,+1.600000E-03,+2.040000E+00
+8.800000E-05,-8.000000E-04,+1.680000E-03,+2.000000E+00
+8.810000E-05,-4.000000E-04,+1.600000E-03,+2.040000E+00
+8.820000E-05,-2.000000E-04,+1.680000E-03,+2.040000E+00
+8.830000E-05,-2.000000E-04,+1.760000E-03,+2.040000E+00
+8.840000E-05,-2.000000E-04,+2.000000E-03,+2.040000E+00
+8.850000E-05,+0.000000E+00,+1.920000E-03,+2.040000E+00
+8.860000E-05,+2.000000E-04,+1.840000E-03,+2.000000E+00
+8.870000E-05,+4.000000E-04,+1.920000E-03,+2.000000E+00
+8.880000E-05,+6.000000E-04,+2.000000E-03,+2.040000E+00
+8.890000E-05,+6.000000E-04,+1.920000E-03,+2.040000E+00
+8.900000E-05,+8.000000E-04,+2.000000E-03,+2.040000E+00
+8.910000E-05,+8.000000E-04,+1.920000E-03,+2.040000E+00
+8.920000E-05,+9.999999E-04,+1.920000E-03,+2.000000E+00
+8.930000E-05,+1.200000E-03,+1.840000E-03,+2.040000E+00
+8.940000E-05,+1.200000E-03,+1.920000E-03,+2.040000E+00
+8.950000E-05,+1.400000E-03,+1.840000E-03,+2.040000E+00
+8.960000E-05,+1.600000E-03,+1.840000E-03,+2.040000E+00
+8.970000E-05,+1.600000E-03,+1.840000E-03,+2.040000E+00
+8.980000E-05,+1.800000E-03,+1.840000E-03,+2.040000E+00
+8.990000E-05,+2.000000E-03,+1.760000E-03,+2.040000E+00
+9.000000E-05,+2.200000E-03,+1.760000E-03,+2.040000E+00
+9.010000E-05,+2.200000E-03,+1.600000E-03,+2.040000E+00
+9.020000E-05,+2.200000E-03,+1.680000E-03,+2.000000E+00
+9.030000E-05,+2.200000E-03,+1.680000E-03,+2.000000E+00
+9.040000E-05,+2.400000E-03,+1.760000E-03,+2.040000E+00
+9.050000E-05,+2.600000E-03,+1.680000E-03,+2.000000E+00
+9.060000E-05,+2.600000E-03,+1.520000E-03,+2.040000E+00
+9.070000E-05,+2.800000E-03,+1.440000E-03,+2.040000E+00
+9.080000E-05,+2.800000E-03,+1.440000E-03,+2.040000E+00
+9.090000E-05,+3.000000E-03,+1.280000E-03,+2.000000E+00
+9.100000E-05,+3.000000E-03,+1.280000E-03,+2.000000E+00
+9.110000E-05,+3.000000E-03,+1.360000E-03,+2.000000E+00
+9.120000E-05,+3.000000E-03,+1.200000E-03,+2.040000E+00
+9.130000E-05,+3.200000E-03,+1.120000E-03,+2.040000E+00
+9.140000E-05,+3.200000E-03,+8.799999E-04,+2.040000E+00
+9.150000E-05,+3.200000E-03,+8.000000E-04,+2.040000E+00
+9.160000E-05,+3.200000E-03,+8.000000E-04,+2.040000E+00
+9.170000E-05,+3.200000E-03,+8.000000E-04,+2.040000E+00
+9.180000E-05,+3.200000E-03,+5.600000E-04,+2.040000E+00
+9.190000E-05,+3.200000E-03,+6.400000E-04,+2.000000E+00
+9.200000E-05,+3.400000E-03,+4.000000E-04,+2.040000E+00
+9.210000E-05,+3.600000E-03,+2.400000E-04,+2.040000E+00
+9.220000E-05,+3.400000E-03,+2.400000E-04,+2.040000E+00
+9.230000E-05,+3.400000E-03,+3.200000E-04,+2.000000E+00
+9.240000E-05,+3.200000E-03,+8.000000E-05,+2.000000E+00
+9.250000E-05,+3.400000E-03,+8.000000E-05,+2.000000E+00
+9.260000E-05,+3.400000E-03,-2.400000E-04,+2.000000E+00
+9.270000E-05,+3.400000E-03,-3.200000E-04,+2.000000E+00
+9.280000E-05,+3.400000E-03,-4.000000E-04,+2.040000E+00
+9.290000E-05,+3.200000E-03,-3.200000E-04,+2.000000E+00
+9.300000E-05,+3.200000E-03,-4.800000E-04,+2.040000E+00
+9.310000E-05,+3.200000E-03,-5.600000E-04,+2.040000E+00
+9.320000E-05,+3.200000E-03,-8.799999E-04,+2.000000E+00
+9.330000E-05,+3.000000E-03,-8.000000E-04,+2.040000E+00
+9.340000E-05,+3.000000E-03,-9.600000E-04,+2.040000E+00
+9.350000E-05,+2.800000E-03,-1.200000E-03,+2.040000E+00
+9.360000E-05,+2.800000E-03,-1.280000E-03,+2.040000E+00
+9.370000E-05,+2.800000E-03,-1.360000E-03,+2.040000E+00
+9.380000E-05,+2.600000E-03,-1.440000E-03,+2.040000E+00
+9.390000E-05,+2.600000E-03,-1.600000E-03,+2.040000E+00
+9.400000E-05,+2.400000E-03,-1.520000E-03,+2.040000E+00
+9.410000E-05,+2.400000E-03,-1.680000E-03,+2.040000E+00
+9.420000E-05,+2.400000E-03,-1.920000E-03,+2.040000E+00
+9.430000E-05,+2.400000E-03,-2.080000E-03,+2.040000E+00
+9.440000E-05,+2.200000E-03,-2.000000E-03,+2.040000E+00
+9.450000E-05,+2.000000E-03,-2.080000E-03,+2.040000E+00
+9.460000E-05,+2.000000E-03,-2.160000E-03,+2.040000E+00
+9.470000E-05,+2.000000E-03,-2.320000E-03,+2.040000E+00
+9.480000E-05,+1.800000E-03,-2.400000E-03,+2.000000E+00
+9.490000E-05,+1.800000E-03,-2.480000E-03,+2.040000E+00
+9.500000E-05,+1.600000E-03,-2.400000E-03,+2.000000E+00
+9.510000E-05,+1.400000E-03,-2.560000E-03,+2.000000E+00
+9.520000E-05,+1.400000E-03,-2.720000E-03,+2.000000E+00
+9.530000E-05,+1.200000E-03,-2.720000E-03,+2.000000E+00
+9.540000E-05,+1.200000E-03,-2.800000E-03,+2.040000E+00
+9.550000E-05,+9.999999E-04,-2.880000E-03,+2.040000E+00
+9.560000E-05,+8.000000E-04,-2.880000E-03,+2.040000E+00
+9.570000E-05,+8.000000E-04,-2.960000E-03,+2.040000E+00
+9.580000E-05,+6.000000E-04,-3.120000E-03,+2.040000E+00
+9.590000E-05,+6.000000E-04,-3.280000E-03,+2.040000E+00
+9.600000E-05,+4.000000E-04,-3.280000E-03,+2.000000E+00
+9.610000E-05,+2.000000E-04,-3.200000E-03,+2.040000E+00
+9.620000E-05,+2.000000E-04,-3.120000E-03,+2.040000E+00
+9.630000E-05,+0.000000E+00,-3.120000E-03,+2.040000E+00
+9.640000E-05,-2.000000E-04,-3.280000E-03,+2.040000E+00
+9.650000E-05,+0.000000E+00,-3.360000E-03,+2.000000E+00
+9.660000E-05,-2.000000E-04,-3.440000E-03,+2.000000E+00
+9.670000E-05,-2.000000E-04,-3.360000E-03,+2.000000E+00
+9.680000E-05,-6.000000E-04,-3.280000E-03,+2.040000E+00
+9.690000E-05,-8.000000E-04,-3.280000E-03,+2.000000E+00
+9.700000E-05,-8.000000E-04,-3.200000E-03,+2.040000E+00
+9.710000E-05,-8.000000E-04,-3.040000E-03,+2.040000E+00
+9.720000E-05,-9.999999E-04,-3.200000E-03,+2.000000E+00
+9.730000E-05,-9.999999E-04,-3.280000E-03,+2.040000E+00
+9.740000E-05,-9.999999E-04,-3.360000E-03,+2.000000E+00
+9.750000E-05,-1.200000E-03,-3.280000E-03,+2.040000E+00
+9.760000E-05,-1.400000E-03,-3.120000E-03,+2.040000E+00
+9.770000E-05,-1.400000E-03,-3.040000E-03,+2.040000E+00
+9.780000E-05,-1.400000E-03,-3.120000E-03,+2.000000E+00
+9.790000E-05,-1.600000E-03,-3.120000E-03,+2.040000E+00
+9.800000E-05,-1.600000E-03,-3.040000E-03,+2.040000E+00
+9.810000E-05,-1.600000E-03,-3.040000E-03,+2.000000E+00
+9.820000E-05,-1.800000E-03,-2.960000E-03,+2.040000E+00
+9.830000E-05,-1.800000E-03,-2.880000E-03,+2.040000E+00
+9.840000E-05,-2.000000E-03,-2.800000E-03,+2.000000E+00
+9.850000E-05,-2.000000E-03,-2.720000E-03,+2.000000E+00
+9.860000E-05,-2.200000E-03,-2.640000E-03,+2.000000E+00
+9.870000E-05,-2.000000E-03,-2.560000E-03,+2.040000E+00
+9.880000E-05,-2.200000E-03,-2.480000E-03,+2.040000E+00
+9.890000E-05,-2.200000E-03,-2.320000E-03,+2.040000E+00
+9.900000E-05,-2.400000E-03,-2.240000E-03,+2.000000E+00
+9.910000E-05,-2.400000E-03,-2.000000E-03,+2.040000E+00
+9.920000E-05,-2.400000E-03,-2.000000E-03,+2.000000E+00
+9.930000E-05,-2.400000E-03,-1.920000E-03,+2.000000E+00
+9.940000E-05,-2.400000E-03,-1.680000E-03,+2.000000E+00
+9.950000E-05,-2.400000E-03,-1.680000E-03,+2.040000E+00
+9.960000E-05,-2.400000E-03,-1.520000E-03,+2.000000E+00
+9.970000E-05,-2.400000E-03,-1.440000E-03,+2.040000E+00
+9.980000E-05,-2.400000E-03,-1.440000E-03,+2.040000E+00
+9.990000E-05,-2.400000E-03,-1.200000E-03,+2.000000E+00
+1.000000E-04,-2.400000E-03,-1.040000E-03,+2.000000E+00
+1.001000E-04,-2.400000E-03,-1.040000E-03,+2.000000E+00
+1.002000E-04,-2.400000E-03,-8.000000E-04,+2.040000E+00
+1.003000E-04,-2.400000E-03,-7.200000E-04,+2.040000E+00
+1.004000E-04,-2.400000E-03,-6.400000E-04,+2.040000E+00
+1.005000E-04,-2.400000E-03,-4.800000E-04,+2.000000E+00
+1.006000E-04,-2.400000E-03,-4.000000E-04,+2.000000E+00
+1.007000E-04,-2.400000E-03,-2.400000E-04,+2.040000E+00
+1.008000E-04,-2.400000E-03,-8.000000E-05,+2.040000E+00
+1.009000E-04,-2.600000E-03,+1.600000E-04,+2.040000E+00
+1.010000E-04,-2.400000E-03,+3.200000E-04,+2.040000E+00
+1.011000E-04,-2.400000E-03,+4.800000E-04,+2.040000E+00
+1.012000E-04,-2.200000E-03,+4.000000E-04,+2.000000E+00
+1.013000E-04,-2.200000E-03,+5.600000E-04,+2.040000E+00
+1.014000E-04,-2.200000E-03,+8.000000E-04,+2.040000E+00
+1.015000E-04,-2.200000E-03,+1.040000E-03,+2.040000E+00
+1.016000E-04,-2.000000E-03,+1.120000E-03,+2.000000E+00
+1.017000E-04,-2.000000E-03,+1.200000E-03,+2.000000E+00
+1.018000E-04,-2.000000E-03,+1.200000E-03,+2.040000E+00
+1.019000E-04,-2.000000E-03,+1.520000E-03,+2.000000E+00
+1.020000E-04,-1.800000E-03,+1.520000E-03,+2.040000E+00
+1.021000E-04,-1.800000E-03,+1.680000E-03,+2.000000E+00
+1.022000E-04,-1.600000E-03,+1.760000E-03,+2.000000E+00
+1.023000E-04,-1.600000E-03,+1.840000E-03,+2.000000E+00
+1.024000E-04,-1.600000E-03,+2.000000E-03,+2.040000E+00
+1.025000E-04,-1.400000E-03,+2.160000E-03,+2.040000E+00
+1.026000E-04,-1.400000E-03,+2.160000E-03,+2.040000E+00
+1.027000E-04,-1.400000E-03,+2.480000E-03,+2.000000E+00
+1.028000E-04,-1.200000E-03,+2.560000E-03,+2.040000E+00
+1.029000E-04,-1.200000E-03,+2.560000E-03,+2.040000E+00
+1.030000E-04,-9.999999E-04,+2.560000E-03,+2.040000E+00
+1.031000E-04,-9.999999E-04,+2.720000E-03,+2.040000E+00
+1.032000E-04,-9.999999E-04,+2.880000E-03,+2.040000E+00
+1.033000E-04,-8.000000E-04,+2.960000E-03,+2.000000E+00
+1.034000E-04,-8.000000E-04,+3.120000E-03,+2.000000E+00
+1.035000E-04,-8.000000E-04,+3.120000E-03,+2.000000E+00
+1.036000E-04,-6.000000E-04,+3.120000E-03,+2.040000E+00
+1.037000E-04,-6.000000E-04,+3.120000E-03,+2.040000E+00
+1.038000E-04,-6.000000E-04,+3.280000E-03,+2.040000E+00
+1.039000E-04,-6.000000E-04,+3.280000E-03,+2.040000E+00
+1.040000E-04,-4.000000E-04,+3.360000E-03,+2.040000E+00
+1.041000E-04,-2.000000E-04,+3.120000E-03,+2.000000E+00
+1.042000E-04,-2.000000E-04,+3.280000E-03,+2.040000E+00
+1.043000E-04,+0.000000E+00,+3.120000E-03,+2.000000E+00
+1.044000E-04,-2.000000E-04,+3.280000E-03,+2.000000E+00
+1.045000E-04,+0.000000E+00,+3.440000E-03,+2.000000E+00
+1.046000E-04,-2.000000E-04,+3.520000E-03,+2.040000E+00
+1.047000E-04,+0.000000E+00,+3.280000E-03,+2.000000E+00
+1.048000E-04,+0.000000E+00,+3.360000E-03,+2.000000E+00
+1.049000E-04,+2.000000E-04,+3.280000E-03,+2.040000E+00
+1.050000E-04,+4.000000E-04,+3.360000E-03,+2.040000E+00
+1.051000E-04,+4.000000E-04,+3.440000E-03,+2.040000E+00
+1.052000E-04,+2.000000E-04,+3.440000E-03,+2.000000E+00
+1.053000E-04,+4.000000E-04,+3.360000E-03,+2.000000E+00
+1.054000E-04,+6.000000E-04,+3.360000E-03,+2.040000E+00
+1.055000E-04,+6.000000E-04,+3.200000E-03,+2.040000E+00
+1.056000E-04,+6.000000E-04,+3.360000E-03,+2.040000E+00
+1.057000E-04,+8.000000E-04,+3.120000E-03,+2.040000E+00
+1.058000E-04,+8.000000E-04,+2.960000E-03,+2.000000E+00
+1.059000E-04,+8.000000E-04,+2.960000E-03,+2.000000E+00
+1.060000E-04,+6.000000E-04,+2.960000E-03,+2.040000E+00
+1.061000E-04,+8.000000E-04,+2.800000E-03,+2.040000E+00
+1.062000E-04,+8.000000E-04,+2.800000E-03,+2.040000E+00
+1.063000E-04,+9.999999E-04,+2.720000E-03,+2.000000E+00
+1.064000E-04,+8.000000E-04,+2.640000E-03,+2.040000E+00
+1.065000E-04,+9.999999E-04,+2.640000E-03,+2.040000E+00
+1.066000E-04,+9.999999E-04,+2.480000E-03,+2.040000E+00
+1.067000E-04,+9.999999E-04,+2.400000E-03,+2.040000E+00
+1.068000E-04,+9.999999E-04,+2.400000E-03,+2.040000E+00
+1.069000E-04,+9.999999E-04,+2.240000E-03,+2.040000E+00
+1.070000E-04,+9.999999E-04,+2.000000E-03,+2.040000E+00
+1.071000E-04,+1.200000E-03,+2.080000E-03,+2.040000E+00
+1.072000E-04,+9.999999E-04,+1.840000E-03,+2.000000E+00
+1.073000E-04,+9.999999E-04,+1.760000E-03,+2.040000E+00
+1.074000E-04,+9.999999E-04,+1.520000E-03,+2.040000E+00
+1.075000E-04,+9.999999E-04,+1.440000E-03,+2.040000E+00
+1.076000E-04,+9.999999E-04,+1.440000E-03,+2.000000E+00
+1.077000E-04,+9.999999E-04,+1.280000E-03,+2.040000E+00
+1.078000E-04,+1.200000E-03,+9.600000E-04,+2.040000E+00
+1.079000E-04,+1.200000E-03,+8.799999E-04,+2.040000E+00
+1.080000E-04,+1.200000E-03,+6.400000E-04,+2.000000E+00
+1.081000E-04,+1.200000E-03,+4.000000E-04,+2.040000E+00
+1.082000E-04,+9.999999E-04,+5.600000E-04,+2.040000E+00
+1.083000E-04,+9.999999E-04,+5.600000E-04,+2.000000E+00
+1.084000E-04,+9.999999E-04,+2.400000E-04,+2.040000E+00
+1.085000E-04,+9.999999E-04,+0.000000E+00,+2.040000E+00
+1.086000E-04,+9.999999E-04,-3.200000E-04,+2.000000E+00
+1.087000E-04,+9.999999E-04,-4.000000E-04,+2.040000E+00
+1.088000E-04,+9.999999E-04,-4.000000E-04,+2.040000E+00
+1.089000E-04,+8.000000E-04,-4.000000E-04,+2.040000E+00
+1.090000E-04,+8.000000E-04,-7.200000E-04,+2.000000E+00
+1.091000E-04,+8.000000E-04,-8.000000E-04,+2.000000E+00
+1.092000E-04,+8.000000E-04,-1.120000E-03,+2.040000E+00
+1.093000E-04,+6.000000E-04,-1.120000E-03,+2.000000E+00
+1.094000E-04,+6.000000E-04,-1.280000E-03,+2.040000E+00
+1.095000E-04,+6.000000E-04,-1.440000E-03,+2.040000E+00
+1.096000E-04,+8.000000E-04,-1.600000E-03,+2.040000E+00
+1.097000E-04,+6.000000E-04,-1.680000E-03,+2.000000E+00
+1.098000E-04,+6.000000E-04,-2.000000E-03,+2.000000E+00
+1.099000E-04,+6.000000E-04,-2.000000E-03,+2.040000E+00
+1.100000E-04,+6.000000E-04,-2.160000E-03,+2.000000E+00
+1.101000E-04,+4.000000E-04,-2.240000E-03,+2.000000E+00
+1.102000E-04,+4.000000E-04,-2.400000E-03,+2.040000E+00
+1.103000E-04,+4.000000E-04,-2.560000E-03,+2.040000E+00
+1.104000E-04,+6.000000E-04,-2.720000E-03,+2.040000E+00
+1.105000E-04,+4.000000E-04,-2.640000E-03,+2.040000E+00
+1.106000E-04,+4.000000E-04,-2.880000E-03,+2.000000E+00
+1.107000E-04,+2.000000E-04,-2.960000E-03,+2.040000E+00
+1.108000E-04,+4.000000E-04,-3.040000E-03,+2.000000E+00
+1.109000E-04,+2.000000E-04,-3.120000E-03,+2.040000E+00
+1.110000E-04,+2.000000E-04,-3.200000E-03,+2.040000E+00
+1.111000E-04,+2.000000E-04,-3.280000E-03,+2.040000E+00
+1.112000E-04,+4.000000E-04,-3.520000E-03,+2.040000E+00
+1.113000E-04,+0.000000E+00,-3.520000E-03,+2.040000E+00
+1.114000E-04,+0.000000E+00,-3.600000E-03,+2.040000E+00
+1.115000E-04,+0.000000E+00,-3.600000E-03,+2.040000E+00
+1.116000E-04,+2.000000E-04,-3.760000E-03,+2.040000E+00
+1.117000E-04,+0.000000E+00,-3.760000E-03,+2.040000E+00
+1.118000E-04,-2.000000E-04,-3.840000E-03,+2.040000E+00
+1.119000E-04,-2.000000E-04,-3.760000E-03,+2.040000E+00
+1.120000E-04,+0.000000E+00,-3.840000E-03,+2.040000E+00
+1.121000E-04,+0.000000E+00,-4.000000E-03,+2.040000E+00
+1.122000E-04,+0.000000E+00,-3.920000E-03,+2.040000E+00
+1.123000E-04,-2.000000E-04,-4.000000E-03,+2.040000E+00
+1.124000E-04,+0.000000E+00,-4.080000E-03,+2.040000E+00
+1.125000E-04,+0.000000E+00,-4.080000E-03,+2.040000E+00
+1.126000E-04,-2.000000E-04,-4.000000E-03,+2.040000E+00
+1.127000E-04,-2.000000E-04,-4.080000E-03,+2.000000E+00
+1.128000E-04,-2.000000E-04,-4.000000E-03,+2.000000E+00
+1.129000E-04,-2.000000E-04,-4.160000E-03,+2.000000E+00
+1.130000E-04,-4.000000E-04,-4.000000E-03,+2.000000E+00
+1.131000E-04,-4.000000E-04,-4.000000E-03,+2.040000E+00
+1.132000E-04,-4.000000E-04,-4.000000E-03,+2.040000E+00
+1.133000E-04,-2.000000E-04,-4.000000E-03,+2.040000E+00
+1.134000E-04,-4.000000E-04,-3.920000E-03,+2.040000E+00
+1.135000E-04,-4.000000E-04,-4.000000E-03,+2.000000E+00
+1.136000E-04,-2.000000E-04,-3.840000E-03,+2.040000E+00
+1.137000E-04,-4.000000E-04,-3.760000E-03,+2.040000E+00
+1.138000E-04,-4.000000E-04,-3.600000E-03,+2.040000E+00
+1.139000E-04,-4.000000E-04,-3.680000E-03,+2.040000E+00
+1.140000E-04,-4.000000E-04,-3.440000E-03,+2.040000E+00
+1.141000E-04,-2.000000E-04,-3.760000E-03,+2.040000E+00
+1.142000E-04,-2.000000E-04,-3.360000E-03,+2.040000E+00
+1.143000E-04,-4.000000E-04,-3.360000E-03,+2.040000E+00
+1.144000E-04,-4.000000E-04,-3.120000E-03,+2.040000E+00
+1.145000E-04,-2.000000E-04,-3.200000E-03,+2.000000E+00
+1.146000E-04,-2.000000E-04,-2.960000E-03,+2.040000E+00
+1.147000E-04,-4.000000E-04,-3.040000E-03,+2.000000E+00
+1.148000E-04,-4.000000E-04,-2.720000E-03,+2.040000E+00
+1.149000E-04,-2.000000E-04,-2.800000E-03,+2.000000E+00
+1.150000E-04,-2.000000E-04,-2.480000E-03,+2.000000E+00
+1.151000E-04,-2.000000E-04,-2.320000E-03,+2.040000E+00
+1.152000E-04,-4.000000E-04,-2.240000E-03,+2.040000E+00
+1.153000E-04,-2.000000E-04,-2.240000E-03,+2.040000E+00
+1.154000E-04,-2.000000E-04,-2.000000E-03,+2.000000E+00
+1.155000E-04,-2.000000E-04,-1.920000E-03,+2.040000E+00
+1.156000E-04,-2.000000E-04,-1.680000E-03,+2.040000E+00
+1.157000E-04,-2.000000E-04,-1.680000E-03,+2.040000E+00
+1.158000E-04,+0.000000E+00,-1.680000E-03,+2.040000E+00
+1.159000E-04,+0.000000E+00,-1.440000E-03,+2.040000E+00
+1.160000E-04,-2.000000E-04,-1.200000E-03,+2.040000E+00
+1.161000E-04,+0.000000E+00,-1.120000E-03,+2.040000E+00
+1.162000E-04,+0.000000E+00,-8.799999E-04,+2.000000E+00
+1.163000E-04,+0.000000E+00,-9.600000E-04,+2.000000E+00
+1.164000E-04,-2.000000E-04,-7.200000E-04,+2.040000E+00
+1.165000E-04,+0.000000E+00,-5.600000E-04,+2.000000E+00
+1.166000E-04,+0.000000E+00,-2.400000E-04,+2.040000E+00
+1.167000E-04,+2.000000E-04,-1.600000E-04,+2.040000E+00
+1.168000E-04,-2.000000E-04,+8.000000E-05,+2.000000E+00
+1.169000E-04,+0.000000E+00,+1.600000E-04,+2.040000E+00
+1.170000E-04,+2.000000E-04,+2.400000E-04,+2.040000E+00
+1.171000E-04,+4.000000E-04,+4.800000E-04,+2.040000E+00
+1.172000E-04,+2.000000E-04,+4.000000E-04,+2.040000E+00
+1.173000E-04,+2.000000E-04,+6.400000E-04,+2.040000E+00
+1.174000E-04,+2.000000E-04,+8.000000E-04,+2.000000E+00
+1.175000E-04,+2.000000E-04,+1.040000E-03,+2.040000E+00
+1.176000E-04,+2.000000E-04,+1.040000E-03,+2.040000E+00
+1.177000E-04,+2.000000E-04,+1.200000E-03,+2.040000E+00
+1.178000E-04,+2.000000E-04,+1.200000E-03,+2.040000E+00
+1.179000E-04,+4.000000E-04,+1.360000E-03,+2.040000E+00
+1.180000E-04,+2.000000E-04,+1.520000E-03,+2.040000E+00
+1.181000E-04,+2.000000E-04,+1.760000E-03,+2.040000E+00
+1.182000E-04,+2.000000E-04,+2.000000E-03,+2.040000E+00
+1.183000E-04,+4.000000E-04,+2.000000E-03,+2.040000E+00
+1.184000E-04,+2.000000E-04,+2.000000E-03,+2.040000E+00
+1.185000E-04,+2.000000E-04,+2.240000E-03,+2.040000E+00
+1.186000E-04,+4.000000E-04,+2.240000E-03,+2.040000E+00
+1.187000E-04,+4.000000E-04,+2.320000E-03,+2.040000E+00
+1.188000E-04,+2.000000E-04,+2.560000E-03,+2.000000E+00
+1.189000E-04,+2.000000E-04,+2.560000E-03,+2.000000E+00
+1.190000E-04,+4.000000E-04,+2.560000E-03,+2.040000E+00
+1.191000E-04,+4.000000E-04,+2.720000E-03,+2.040000E+00
+1.192000E-04,+2.000000E-04,+2.720000E-03,+2.040000E+00
+1.193000E-04,+0.000000E+00,+2.960000E-03,+2.040000E+00
+1.194000E-04,+2.000000E-04,+2.880000E-03,+2.040000E+00
+1.195000E-04,+4.000000E-04,+3.040000E-03,+2.000000E+00
+1.196000E-04,+4.000000E-04,+3.040000E-03,+2.040000E+00
+1.197000E-04,+2.000000E-04,+3.120000E-03,+2.040000E+00
+1.198000E-04,+4.000000E-04,+3.120000E-03,+2.040000E+00
+1.199000E-04,+2.000000E-04,+3.200000E-03,+2.000000E+00
+1.200000E-04,+2.000000E-04,+3.280000E-03,+2.000000E+00
+1.201000E-04,+0.000000E+00,+3.440000E-03,+2.040000E+00
+1.202000E-04,+2.000000E-04,+3.360000E-03,+2.000000E+00
+1.203000E-04,+2.000000E-04,+3.200000E-03,+2.040000E+00
+1.204000E-04,+2.000000E-04,+3.280000E-03,+2.040000E+00
+1.205000E-04,+0.000000E+00,+3.440000E-03,+2.040000E+00
+1.206000E-04,+0.000000E+00,+3.280000E-03,+2.040000E+00
+1.207000E-04,+0.000000E+00,+3.360000E-03,+2.000000E+00
+1.208000E-04,+0.000000E+00,+3.360000E-03,+2.040000E+00
+1.209000E-04,-2.000000E-04,+3.360000E-03,+2.040000E+00
+1.210000E-04,+0.000000E+00,+3.280000E-03,+2.000000E+00
+1.211000E-04,+0.000000E+00,+3.200000E-03,+2.000000E+00
+1.212000E-04,-2.000000E-04,+3.200000E-03,+2.040000E+00
+1.213000E-04,-2.000000E-04,+3.280000E-03,+2.040000E+00
+1.214000E-04,-2.000000E-04,+3.200000E-03,+2.000000E+00
+1.215000E-04,-2.000000E-04,+3.040000E-03,+2.000000E+00
+1.216000E-04,-2.000000E-04,+2.960000E-03,+2.040000E+00
+1.217000E-04,-4.000000E-04,+3.040000E-03,+2.040000E+00
+1.218000E-04,-6.000000E-04,+2.880000E-03,+2.040000E+00
+1.219000E-04,-6.000000E-04,+3.040000E-03,+2.040000E+00
+1.220000E-04,-4.000000E-04,+2.960000E-03,+2.040000E+00
+1.221000E-04,-4.000000E-04,+2.800000E-03,+2.040000E+00
+1.222000E-04,-4.000000E-04,+2.560000E-03,+2.040000E+00
+1.223000E-04,-6.000000E-04,+2.480000E-03,+2.040000E+00
+1.224000E-04,-6.000000E-04,+2.560000E-03,+2.000000E+00
+1.225000E-04,-6.000000E-04,+2.640000E-03,+2.040000E+00
+1.226000E-04,-8.000000E-04,+2.480000E-03,+2.040000E+00
+1.227000E-04,-6.000000E-04,+2.160000E-03,+2.040000E+00
+1.228000E-04,-6.000000E-04,+2.080000E-03,+2.040000E+00
+1.229000E-04,-6.000000E-04,+1.920000E-03,+2.040000E+00
+1.230000E-04,-8.000000E-04,+2.000000E-03,+2.000000E+00
+1.231000E-04,-8.000000E-04,+1.840000E-03,+2.000000E+00
+1.232000E-04,-8.000000E-04,+1.680000E-03,+2.040000E+00
+1.233000E-04,-8.000000E-04,+1.440000E-03,+2.040000E+00
+1.234000E-04,-9.999999E-04,+1.520000E-03,+2.040000E+00
+1.235000E-04,-1.200000E-03,+1.280000E-03,+2.040000E+00
+1.236000E-04,-1.200000E-03,+1.360000E-03,+2.040000E+00
+1.237000E-04,-9.999999E-04,+1.120000E-03,+2.040000E+00
+1.238000E-04,-1.200000E-03,+8.799999E-04,+2.040000E+00
+1.239000E-04,-1.200000E-03,+8.000000E-04,+2.040000E+00
+1.240000E-04,-9.999999E-04,+8.000000E-04,+2.040000E+00
+1.241000E-04,-1.200000E-03,+5.600000E-04,+2.040000E+00
+1.242000E-04,-1.200000E-03,+5.600000E-04,+2.000000E+00
+1.243000E-04,-1.200000E-03,+1.600000E-04,+2.040000E+00
+1.244000E-04,-1.200000E-03,+8.000000E-05,+2.040000E+00
+1.245000E-04,-1.200000E-03,+8.000000E-05,+2.040000E+00
+1.246000E-04,-1.600000E-03,+0.000000E+00,+2.040000E+00
+1.247000E-04,-1.400000E-03,-2.400000E-04,+2.000000E+00
+1.248000E-04,-1.200000E-03,-4.800000E-04,+2.040000E+00
+1.249000E-04,-1.200000E-03,-6.400000E-04,+2.040000E+00
+1.250000E-04,-1.400000E-03,-6.400000E-04,+2.000000E+00
+1.251000E-04,-1.400000E-03,-7.200000E-04,+2.000000E+00
+1.252000E-04,-1.400000E-03,-9.600000E-04,+2.040000E+00
+1.253000E-04,-1.400000E-03,-9.600000E-04,+2.000000E+00
+1.254000E-04,-1.400000E-03,-1.120000E-03,+2.040000E+00
+1.255000E-04,-1.400000E-03,-1.280000E-03,+2.040000E+00
+1.256000E-04,-1.400000E-03,-1.360000E-03,+2.040000E+00
+1.257000E-04,-1.400000E-03,-1.440000E-03,+2.040000E+00
+1.258000E-04,-1.600000E-03,-1.520000E-03,+2.040000E+00
+1.259000E-04,-1.400000E-03,-1.600000E-03,+2.040000E+00
+1.260000E-04,-1.400000E-03,-1.760000E-03,+2.000000E+00
+1.261000E-04,-1.200000E-03,-1.920000E-03,+2.000000E+00
+1.262000E-04,-1.400000E-03,-2.000000E-03,+2.040000E+00
+1.263000E-04,-1.400000E-03,-2.080000E-03,+2.000000E+00
+1.264000E-04,-1.400000E-03,-2.160000E-03,+2.040000E+00
+1.265000E-04,-1.400000E-03,-2.160000E-03,+2.000000E+00
+1.266000E-04,-1.200000E-03,-2.400000E-03,+2.000000E+00
+1.267000E-04,-1.200000E-03,-2.560000E-03,+2.000000E+00
+1.268000E-04,-1.200000E-03,-2.720000E-03,+2.000000E+00
+1.269000E-04,-1.200000E-03,-2.720000E-03,+2.040000E+00
+1.270000E-04,-1.200000E-03,-2.640000E-03,+2.000000E+00
+1.271000E-04,-1.200000E-03,-2.640000E-03,+2.000000E+00
+1.272000E-04,-1.200000E-03,-2.960000E-03,+2.000000E+00
+1.273000E-04,-9.999999E-04,-3.040000E-03,+2.000000E+00
+1.274000E-04,-9.999999E-04,-3.040000E-03,+2.040000E+00
+1.275000E-04,-9.999999E-04,-3.040000E-03,+2.000000E+00
+1.276000E-04,-9.999999E-04,-2.960000E-03,+2.040000E+00
+1.277000E-04,-9.999999E-04,-2.960000E-03,+2.040000E+00
+1.278000E-04,-8.000000E-04,-3.120000E-03,+2.000000E+00
+1.279000E-04,-6.000000E-04,-3.200000E-03,+2.040000E+00
+1.280000E-04,-8.000000E-04,-3.280000E-03,+2.000000E+00
+1.281000E-04,-8.000000E-04,-3.200000E-03,+2.040000E+00
+1.282000E-04,-6.000000E-04,-3.120000E-03,+2.000000E+00
+1.283000E-04,-6.000000E-04,-3.200000E-03,+2.040000E+00
+1.284000E-04,-4.000000E-04,-3.440000E-03,+2.040000E+00
+1.285000E-04,-4.000000E-04,-3.360000E-03,+2.000000E+00
+1.286000E-04,-2.000000E-04,-3.280000E-03,+2.040000E+00
+1.287000E-04,-2.000000E-04,-3.280000E-03,+2.040000E+00
+1.288000E-04,-2.000000E-04,-3.280000E-03,+2.040000E+00
+1.289000E-04,-2.000000E-04,-3.200000E-03,+2.000000E+00
+1.290000E-04,+0.000000E+00,-3.200000E-03,+2.040000E+00
+1.291000E-04,+0.000000E+00,-3.200000E-03,+2.040000E+00
+1.292000E-04,-2.000000E-04,-3.120000E-03,+2.040000E+00
+1.293000E-04,+0.000000E+00,-3.040000E-03,+2.040000E+00
+1.294000E-04,+4.000000E-04,-3.120000E-03,+2.040000E+00
+1.295000E-04,+4.000000E-04,-3.040000E-03,+2.000000E+00
+1.296000E-04,+4.000000E-04,-3.040000E-03,+2.040000E+00
+1.297000E-04,+2.000000E-04,-2.880000E-03,+2.040000E+00
+1.298000E-04,+6.000000E-04,-2.880000E-03,+2.000000E+00
+1.299000E-04,+6.000000E-04,-2.880000E-03,+2.000000E+00
+1.300000E-04,+6.000000E-04,-2.800000E-03,+2.040000E+00
+1.301000E-04,+6.000000E-04,-2.800000E-03,+2.040000E+00
+1.302000E-04,+9.999999E-04,-2.800000E-03,+2.040000E+00
+1.303000E-04,+8.000000E-04,-2.560000E-03,+2.000000E+00
+1.304000E-04,+8.000000E-04,-2.400000E-03,+2.040000E+00
+1.305000E-04,+9.999999E-04,-2.240000E-03,+2.000000E+00
+1.306000E-04,+1.200000E-03,-2.400000E-03,+2.000000E+00
+1.307000E-04,+1.200000E-03,-2.400000E-03,+2.000000E+00
+1.308000E-04,+9.999999E-04,-2.160000E-03,+2.040000E+00
+1.309000E-04,+9.999999E-04,-2.000000E-03,+2.000000E+00
+1.310000E-04,+1.400000E-03,-2.000000E-03,+2.040000E+00
+1.311000E-04,+1.400000E-03,-1.840000E-03,+2.040000E+00
+1.312000E-04,+1.400000E-03,-1.760000E-03,+2.040000E+00
+1.313000E-04,+1.400000E-03,-1.680000E-03,+2.040000E+00
+1.314000E-04,+1.600000E-03,-1.520000E-03,+2.040000E+00
+1.315000E-04,+1.600000E-03,-1.440000E-03,+2.040000E+00
+1.316000E-04,+1.800000E-03,-1.360000E-03,+2.040000E+00
+1.317000E-04,+1.600000E-03,-1.280000E-03,+2.040000E+00
+1.318000E-04,+1.800000E-03,-1.280000E-03,+2.000000E+00
+1.319000E-04,+1.600000E-03,-9.600000E-04,+2.040000E+00
+1.320000E-04,+1.800000E-03,-8.000000E-04,+2.040000E+00
+1.321000E-04,+1.800000E-03,-8.000000E-04,+2.040000E+00
+1.322000E-04,+2.000000E-03,-8.000000E-04,+2.040000E+00
+1.323000E-04,+2.000000E-03,-7.200000E-04,+2.040000E+00
+1.324000E-04,+2.000000E-03,-4.800000E-04,+2.000000E+00
+1.325000E-04,+2.000000E-03,-3.200000E-04,+2.000000E+00
+1.326000E-04,+2.000000E-03,-4.800000E-04,+2.040000E+00
+1.327000E-04,+2.200000E-03,-4.000000E-04,+2.040000E+00
+1.328000E-04,+2.000000E-03,-8.000000E-05,+2.000000E+00
+1.329000E-04,+2.000000E-03,-8.000000E-05,+2.000000E+00
+1.330000E-04,+2.000000E-03,+1.600000E-04,+2.040000E+00
+1.331000E-04,+2.000000E-03,+2.400000E-04,+2.040000E+00
+1.332000E-04,+2.000000E-03,+3.200000E-04,+2.000000E+00
+1.333000E-04,+2.200000E-03,+3.200000E-04,+2.040000E+00
+1.334000E-04,+2.000000E-03,+4.800000E-04,+2.000000E+00
+1.335000E-04,+2.000000E-03,+4.000000E-04,+2.040000E+00
+1.336000E-04,+2.000000E-03,+7.200000E-04,+2.040000E+00
+1.337000E-04,+2.000000E-03,+7.200000E-04,+2.000000E+00
+1.338000E-04,+1.800000E-03,+8.799999E-04,+2.040000E+00
+1.339000E-04,+2.000000E-03,+8.000000E-04,+2.040000E+00
+1.340000E-04,+2.000000E-03,+8.799999E-04,+2.040000E+00
+1.341000E-04,+1.800000E-03,+9.600000E-04,+2.040000E+00
+1.342000E-04,+1.800000E-03,+1.120000E-03,+2.040000E+00
+1.343000E-04,+1.800000E-03,+1.120000E-03,+2.000000E+00
+1.344000E-04,+1.800000E-03,+1.280000E-03,+2.040000E+00
+1.345000E-04,+1.800000E-03,+1.280000E-03,+2.040000E+00
+1.346000E-04,+1.600000E-03,+1.360000E-03,+2.040000E+00
+1.347000E-04,+1.600000E-03,+1.360000E-03,+2.040000E+00
+1.348000E-04,+1.400000E-03,+1.600000E-03,+2.040000E+00
+1.349000E-04,+1.600000E-03,+1.680000E-03,+2.040000E+00
+1.350000E-04,+1.400000E-03,+1.760000E-03,+2.040000E+00
+1.351000E-04,+1.400000E-03,+1.680000E-03,+2.040000E+00
+1.352000E-04,+1.400000E-03,+1.680000E-03,+2.000000E+00
+1.353000E-04,+1.400000E-03,+1.760000E-03,+2.040000E+00
+1.354000E-04,+1.200000E-03,+1.920000E-03,+2.040000E+00
+1.355000E-04,+1.200000E-03,+1.840000E-03,+2.000000E+00
+1.356000E-04,+1.200000E-03,+1.840000E-03,+2.040000E+00
+1.357000E-04,+1.200000E-03,+1.920000E-03,+2.040000E+00
+1.358000E-04,+8.000000E-04,+2.000000E-03,+2.040000E+00
+1.359000E-04,+8.000000E-04,+2.000000E-03,+2.040000E+00
+1.360000E-04,+8.000000E-04,+1.920000E-03,+2.040000E+00
+1.361000E-04,+8.000000E-04,+1.920000E-03,+2.000000E+00
+1.362000E-04,+6.000000E-04,+1.920000E-03,+2.040000E+00
+1.363000E-04,+4.000000E-04,+2.000000E-03,+2.040000E+00
+1.364000E-04,+4.000000E-04,+2.080000E-03,+2.040000E+00
+1.365000E-04,+4.000000E-04,+2.080000E-03,+2.040000E+00
+1.366000E-04,+2.000000E-04,+2.160000E-03,+2.040000E+00
+1.367000E-04,+2.000000E-04,+2.000000E-03,+2.000000E+00
+1.368000E-04,+2.000000E-04,+1.760000E-03,+2.040000E+00
+1.369000E-04,+0.000000E+00,+1.840000E-03,+2.040000E+00
+1.370000E-04,+0.000000E+00,+1.840000E-03,+2.040000E+00
+1.371000E-04,-2.000000E-04,+1.920000E-03,+2.040000E+00
+1.372000E-04,-4.000000E-04,+1.920000E-03,+2.040000E+00
+1.373000E-04,-4.000000E-04,+1.840000E-03,+2.000000E+00
+1.374000E-04,-6.000000E-04,+1.760000E-03,+2.040000E+00
+1.375000E-04,-6.000000E-04,+1.840000E-03,+2.040000E+00
+1.376000E-04,-8.000000E-04,+1.760000E-03,+2.040000E+00
+1.377000E-04,-9.999999E-04,+1.840000E-03,+2.040000E+00
+1.378000E-04,-9.999999E-04,+1.760000E-03,+2.040000E+00
+1.379000E-04,-9.999999E-04,+1.840000E-03,+2.040000E+00
+1.380000E-04,-9.999999E-04,+1.520000E-03,+2.000000E+00
+1.381000E-04,-1.200000E-03,+1.600000E-03,+2.040000E+00
+1.382000E-04,-1.200000E-03,+1.520000E-03,+2.000000E+00
+1.383000E-04,-1.400000E-03,+1.440000E-03,+2.040000E+00
+1.384000E-04,-1.400000E-03,+1.280000E-03,+2.000000E+00
+1.385000E-04,-1.600000E-03,+1.360000E-03,+2.040000E+00
+1.386000E-04,-1.600000E-03,+1.120000E-03,+2.040000E+00
+1.387000E-04,-1.600000E-03,+1.040000E-03,+2.000000E+00
+1.388000E-04,-1.800000E-03,+1.040000E-03,+2.040000E+00
+1.389000E-04,-2.000000E-03,+1.120000E-03,+2.040000E+00
+1.390000E-04,-2.000000E-03,+1.120000E-03,+2.000000E+00
+1.391000E-04,-2.000000E-03,+9.600000E-04,+2.040000E+00
+1.392000E-04,-2.200000E-03,+8.000000E-04,+2.040000E+00
+1.393000E-04,-2.200000E-03,+8.000000E-04,+2.040000E+00
+1.394000E-04,-2.200000E-03,+7.200000E-04,+2.000000E+00
+1.395000E-04,-2.200000E-03,+7.200000E-04,+2.040000E+00
+1.396000E-04,-2.400000E-03,+6.400000E-04,+2.040000E+00
+1.397000E-04,-2.400000E-03,+5.600000E-04,+2.040000E+00
+1.398000E-04,-2.400000E-03,+4.000000E-04,+2.000000E+00
+1.399000E-04,-2.400000E-03,+2.400000E-04,+2.040000E+00
+1.400000E-04,-2.400000E-03,+2.400000E-04,+2.040000E+00
+1.401000E-04,-2.800000E-03,+2.400000E-04,+2.040000E+00
+1.402000E-04,-2.600000E-03,+8.000000E-05,+2.040000E+00
+1.403000E-04,-2.800000E-03,-8.000000E-05,+2.040000E+00
+1.404000E-04,-2.600000E-03,-2.400000E-04,+2.040000E+00
+1.405000E-04,-2.800000E-03,-2.400000E-04,+2.000000E+00
+1.406000E-04,-2.800000E-03,-1.600000E-04,+2.000000E+00
+1.407000E-04,-2.800000E-03,-1.600000E-04,+2.000000E+00
+1.408000E-04,-2.800000E-03,-2.400000E-04,+2.000000E+00
+1.409000E-04,-2.800000E-03,-4.000000E-04,+2.000000E+00
+1.410000E-04,-2.600000E-03,-3.200000E-04,+2.040000E+00
+1.411000E-04,-2.800000E-03,-4.800000E-04,+2.000000E+00
+1.412000E-04,-2.800000E-03,-4.800000E-04,+2.040000E+00
+1.413000E-04,-2.800000E-03,-7.200000E-04,+2.000000E+00
+1.414000E-04,-2.800000E-03,-6.400000E-04,+2.040000E+00
+1.415000E-04,-2.800000E-03,-6.400000E-04,+2.000000E+00
+1.416000E-04,-2.800000E-03,-7.200000E-04,+2.000000E+00
+1.417000E-04,-2.800000E-03,-9.600000E-04,+2.040000E+00
+1.418000E-04,-2.800000E-03,-9.600000E-04,+2.040000E+00
+1.419000E-04,-2.600000E-03,-1.120000E-03,+2.040000E+00
+1.420000E-04,-2.600000E-03,-1.040000E-03,+2.040000E+00
+1.421000E-04,-2.600000E-03,-9.600000E-04,+2.040000E+00
+1.422000E-04,-2.600000E-03,-1.120000E-03,+2.000000E+00
+1.423000E-04,-2.400000E-03,-1.280000E-03,+2.040000E+00
+1.424000E-04,-2.400000E-03,-1.360000E-03,+2.000000E+00
+1.425000E-04,-2.200000E-03,-1.280000E-03,+2.000000E+00
+1.426000E-04,-2.200000E-03,-1.360000E-03,+2.000000E+00
+1.427000E-04,-2.400000E-03,-1.280000E-03,+2.000000E+00
+1.428000E-04,-2.200000E-03,-1.360000E-03,+2.040000E+00
+1.429000E-04,-2.000000E-03,-1.440000E-03,+2.000000E+00
+1.430000E-04,-2.000000E-03,-1.520000E-03,+2.040000E+00
+1.431000E-04,-2.000000E-03,-1.520000E-03,+2.040000E+00
+1.432000E-04,-2.200000E-03,-1.280000E-03,+2.040000E+00
+1.433000E-04,-1.800000E-03,-1.200000E-03,+2.040000E+00
+1.434000E-04,-1.800000E-03,-1.280000E-03,+2.040000E+00
+1.435000E-04,-1.600000E-03,-1.520000E-03,+2.040000E+00
+1.436000E-04,-1.400000E-03,-1.600000E-03,+2.040000E+00
+1.437000E-04,-1.400000E-03,-1.680000E-03,+2.040000E+00
+1.438000E-04,-1.400000E-03,-1.440000E-03,+2.000000E+00
+1.439000E-04,-1.200000E-03,-1.520000E-03,+2.040000E+00
+1.440000E-04,-1.200000E-03,-1.600000E-03,+2.040000E+00
+1.441000E-04,-9.999999E-04,-1.600000E-03,+2.000000E+00
+1.442000E-04,-9.999999E-04,-1.600000E-03,+2.000000E+00
+1.443000E-04,-9.999999E-04,-1.520000E-03,+2.000000E+00
+1.444000E-04,-8.000000E-04,-1.440000E-03,+2.000000E+00
+1.445000E-04,-6.000000E-04,-1.520000E-03,+2.040000E+00
+1.446000E-04,-4.000000E-04,-1.520000E-03,+2.040000E+00
+1.447000E-04,-4.000000E-04,-1.600000E-03,+2.040000E+00
+1.448000E-04,-4.000000E-04,-1.520000E-03,+2.040000E+00
+1.449000E-04,-2.000000E-04,-1.360000E-03,+2.040000E+00
+1.450000E-04,+0.000000E+00,-1.360000E-03,+2.040000E+00
+1.451000E-04,+0.000000E+00,-1.280000E-03,+2.040000E+00
+1.452000E-04,+2.000000E-04,-1.440000E-03,+2.000000E+00
+1.453000E-04,+4.000000E-04,-1.600000E-03,+2.040000E+00
+1.454000E-04,+6.000000E-04,-1.520000E-03,+2.000000E+00
+1.455000E-04,+4.000000E-04,-1.280000E-03,+2.000000E+00
+1.456000E-04,+6.000000E-04,-1.200000E-03,+2.040000E+00
+1.457000E-04,+6.000000E-04,-1.280000E-03,+2.000000E+00
+1.458000E-04,+8.000000E-04,-1.520000E-03,+2.040000E+00
+1.459000E-04,+8.000000E-04,-1.360000E-03,+2.040000E+00
+1.460000E-04,+8.000000E-04,-1.200000E-03,+2.040000E+00
+1.461000E-04,+9.999999E-04,-1.040000E-03,+2.040000E+00
+1.462000E-04,+9.999999E-04,-1.120000E-03,+2.040000E+00
+1.463000E-04,+1.200000E-03,-1.040000E-03,+2.040000E+00
+1.464000E-04,+1.400000E-03,-9.600000E-04,+2.040000E+00
+1.465000E-04,+1.600000E-03,-9.600000E-04,+2.040000E+00
+1.466000E-04,+1.800000E-03,-1.040000E-03,+2.000000E+00
+1.467000E-04,+1.800000E-03,-8.799999E-04,+2.000000E+00
+1.468000E-04,+1.800000E-03,-8.799999E-04,+2.040000E+00
+1.469000E-04,+2.000000E-03,-8.000000E-04,+2.040000E+00
+1.470000E-04,+2.000000E-03,-8.000000E-04,+2.040000E+00
+1.471000E-04,+2.200000E-03,-5.600000E-04,+2.040000E+00
+1.472000E-04,+2.200000E-03,-6.400000E-04,+2.040000E+00
+1.473000E-04,+2.200000E-03,-7.200000E-04,+2.040000E+00
+1.474000E-04,+2.400000E-03,-6.400000E-04,+2.040000E+00
+1.475000E-04,+2.200000E-03,-4.000000E-04,+2.040000E+00
+1.476000E-04,+2.200000E-03,-4.800000E-04,+2.040000E+00
+1.477000E-04,+2.200000E-03,-3.200000E-04,+2.040000E+00
+1.478000E-04,+2.400000E-03,-4.000000E-04,+2.000000E+00
+1.479000E-04,+2.600000E-03,-4.000000E-04,+2.040000E+00
+1.480000E-04,+2.600000E-03,-4.000000E-04,+2.040000E+00
+1.481000E-04,+2.600000E-03,-4.000000E-04,+2.040000E+00
+1.482000E-04,+2.800000E-03,-4.000000E-04,+2.040000E+00
+1.483000E-04,+2.800000E-03,-2.400000E-04,+2.040000E+00
+1.484000E-04,+2.800000E-03,-2.400000E-04,+2.040000E+00
+1.485000E-04,+2.800000E-03,-3.200000E-04,+2.040000E+00
+1.486000E-04,+2.800000E-03,-4.000000E-04,+2.040000E+00
+1.487000E-04,+2.800000E-03,-1.600000E-04,+2.040000E+00
+1.488000E-04,+2.800000E-03,-1.600000E-04,+2.000000E+00
+1.489000E-04,+2.800000E-03,+0.000000E+00,+2.040000E+00
+1.490000E-04,+2.800000E-03,+0.000000E+00,+2.040000E+00
+1.491000E-04,+2.800000E-03,-8.000000E-05,+2.040000E+00
+1.492000E-04,+2.800000E-03,+8.000000E-05,+2.040000E+00
+1.493000E-04,+2.600000E-03,+1.600000E-04,+2.040000E+00
+1.494000E-04,+3.000000E-03,+1.600000E-04,+2.000000E+00
+1.495000E-04,+3.000000E-03,+1.600000E-04,+2.040000E+00
+1.496000E-04,+2.800000E-03,+8.000000E-05,+2.000000E+00
+1.497000E-04,+2.600000E-03,+8.000000E-05,+2.000000E+00
+1.498000E-04,+2.600000E-03,+2.400000E-04,+2.000000E+00
+1.499000E-04,+2.600000E-03,+8.000000E-05,+2.000000E+00
+1.500000E-04,+2.600000E-03,+1.600000E-04,+2.040000E+00
+1.501000E-04,+2.600000E-03,+8.000000E-05,+2.040000E+00
+1.502000E-04,+2.600000E-03,+8.000000E-05,+2.040000E+00
+1.503000E-04,+2.400000E-03,+0.000000E+00,+2.000000E+00
+1.504000E-04,+2.400000E-03,+2.400000E-04,+2.000000E+00
+1.505000E-04,+2.200000E-03,+2.400000E-04,+2.040000E+00
+1.506000E-04,+2.400000E-03,+3.200000E-04,+2.040000E+00
+1.507000E-04,+2.400000E-03,+1.600000E-04,+2.040000E+00
+1.508000E-04,+2.200000E-03,+1.600000E-04,+2.000000E+00
+1.509000E-04,+2.000000E-03,+8.000000E-05,+2.000000E+00
+1.510000E-04,+2.000000E-03,+4.000000E-04,+2.000000E+00
+1.511000E-04,+2.000000E-03,+2.400000E-04,+2.040000E+00
+1.512000E-04,+1.800000E-03,+2.400000E-04,+2.000000E+00
+1.513000E-04,+1.600000E-03,+2.400000E-04,+2.000000E+00
+1.514000E-04,+1.600000E-03,+2.400000E-04,+2.040000E+00
+1.515000E-04,+1.600000E-03,+1.600000E-04,+2.040000E+00
+1.516000E-04,+1.400000E-03,+2.400000E-04,+2.040000E+00
+1.517000E-04,+1.400000E-03,+2.400000E-04,+2.040000E+00
+1.518000E-04,+1.400000E-03,+1.600000E-04,+2.040000E+00
+1.519000E-04,+1.200000E-03,+8.000000E-05,+2.040000E+00
+1.520000E-04,+9.999999E-04,+8.000000E-05,+2.040000E+00
+1.521000E-04,+9.999999E-04,+8.000000E-05,+2.000000E+00
+1.522000E-04,+8.000000E-04,+1.600000E-04,+2.000000E+00
+1.523000E-04,+8.000000E-04,+8.000000E-05,+2.040000E+00
+1.524000E-04,+6.000000E-04,+8.000000E-05,+2.000000E+00
+1.525000E-04,+6.000000E-04,+1.600000E-04,+2.000000E+00
+1.526000E-04,+4.000000E-04,+0.000000E+00,+2.000000E+00
+1.527000E-04,+4.000000E-04,-8.000000E-05,+2.000000E+00
+1.528000E-04,+2.000000E-04,+0.000000E+00,+2.000000E+00
+1.529000E-04,+2.000000E-04,+0.000000E+00,+2.040000E+00
+1.530000E-04,-2.000000E-04,+8.000000E-05,+2.040000E+00
+1.531000E-04,-2.000000E-04,+0.000000E+00,+2.040000E+00
+1.532000E-04,-4.000000E-04,+0.000000E+00,+2.040000E+00
+1.533000E-04,-4.000000E-04,-8.000000E-05,+2.040000E+00
+1.534000E-04,-6.000000E-04,+0.000000E+00,+2.040000E+00
+1.535000E-04,-8.000000E-04,+8.000000E-05,+2.000000E+00
+1.536000E-04,-8.000000E-04,+0.000000E+00,+2.000000E+00
+1.537000E-04,-8.000000E-04,-2.400000E-04,+2.040000E+00
+1.538000E-04,-9.999999E-04,-2.400000E-04,+2.040000E+00
+1.539000E-04,-9.999999E-04,-2.400000E-04,+2.040000E+00
+1.540000E-04,-1.200000E-03,-2.400000E-04,+2.040000E+00
+1.541000E-04,-1.200000E-03,-1.600000E-04,+2.040000E+00
+1.542000E-04,-1.600000E-03,-2.400000E-04,+2.040000E+00
+1.543000E-04,-1.600000E-03,-3.200000E-04,+2.040000E+00
+1.544000E-04,-1.600000E-03,-3.200000E-04,+2.040000E+00
+1.545000E-04,-1.400000E-03,-4.000000E-04,+2.040000E+00
+1.546000E-04,-1.800000E-03,-3.200000E-04,+2.040000E+00
+1.547000E-04,-1.800000E-03,-4.000000E-04,+2.040000E+00
+1.548000E-04,-2.000000E-03,-3.200000E-04,+2.000000E+00
+1.549000E-04,-1.800000E-03,-4.000000E-04,+2.000000E+00
+1.550000E-04,-2.200000E-03,-4.000000E-04,+2.040000E+00
+1.551000E-04,-2.200000E-03,-2.400000E-04,+2.040000E+00
+1.552000E-04,-2.400000E-03,-4.000000E-04,+2.040000E+00
+1.553000E-04,-2.400000E-03,-3.200000E-04,+2.040000E+00
+1.554000E-04,-2.200000E-03,-4.800000E-04,+2.040000E+00
+1.555000E-04,-2.400000E-03,-5.600000E-04,+2.040000E+00
+1.556000E-04,-2.400000E-03,-4.800000E-04,+2.000000E+00
+1.557000E-04,-2.800000E-03,-2.400000E-04,+2.040000E+00
+1.558000E-04,-2.800000E-03,-4.000000E-04,+2.000000E+00
+1.559000E-04,-2.800000E-03,-5.600000E-04,+2.040000E+00
+1.560000E-04,-2.800000E-03,-6.400000E-04,+2.040000E+00
+1.561000E-04,-2.800000E-03,-4.800000E-04,+2.000000E+00
+1.562000E-04,-2.800000E-03,-4.800000E-04,+2.000000E+00
+1.563000E-04,-3.000000E-03,-4.800000E-04,+2.040000E+00
+1.564000E-04,-2.800000E-03,-5.600000E-04,+2.040000E+00
+1.565000E-04,-2.800000E-03,-5.600000E-04,+2.040000E+00
+1.566000E-04,-3.000000E-03,-4.800000E-04,+2.040000E+00
+1.567000E-04,-3.000000E-03,-4.000000E-04,+2.040000E+00
+1.568000E-04,-3.000000E-03,-5.600000E-04,+2.040000E+00
+1.569000E-04,-3.000000E-03,-4.000000E-04,+2.040000E+00
+1.570000E-04,-3.000000E-03,-5.600000E-04,+2.040000E+00
+1.571000E-04,-3.000000E-03,-3.200000E-04,+2.040000E+00
+1.572000E-04,-3.000000E-03,-4.800000E-04,+2.000000E+00
+1.573000E-04,-3.000000E-03,-4.000000E-04,+2.040000E+00
+1.574000E-04,-3.000000E-03,-4.000000E-04,+2.040000E+00
+1.575000E-04,-3.000000E-03,-2.400000E-04,+2.000000E+00
+1.576000E-04,-3.000000E-03,-4.000000E-04,+2.040000E+00
+1.577000E-04,-3.000000E-03,-1.600000E-04,+2.000000E+00
+1.578000E-04,-2.800000E-03,-3.200000E-04,+2.040000E+00
+1.579000E-04,-2.800000E-03,-2.400000E-04,+2.000000E+00
+1.580000E-04,-2.800000E-03,-4.000000E-04,+2.040000E+00
+1.581000E-04,-2.800000E-03,-2.400000E-04,+2.040000E+00
+1.582000E-04,-2.600000E-03,-2.400000E-04,+2.040000E+00
+1.583000E-04,-2.600000E-03,-2.400000E-04,+2.040000E+00
+1.584000E-04,-2.400000E-03,-3.200000E-04,+2.040000E+00
+1.585000E-04,-2.400000E-03,-2.400000E-04,+2.040000E+00
+1.586000E-04,-2.400000E-03,-3.200000E-04,+2.040000E+00
+1.587000E-04,-2.200000E-03,-1.600000E-04,+2.000000E+00
+1.588000E-04,-2.200000E-03,-1.600000E-04,+2.040000E+00
+1.589000E-04,-2.200000E-03,-8.000000E-05,+2.040000E+00
+1.590000E-04,-2.200000E-03,+8.000000E-05,+2.000000E+00
+1.591000E-04,-2.000000E-03,+8.000000E-05,+2.040000E+00
+1.592000E-04,-2.000000E-03,+1.600000E-04,+2.040000E+00
+1.593000E-04,-1.800000E-03,+8.000000E-05,+2.000000E+00
+1.594000E-04,-1.600000E-03,+0.000000E+00,+2.040000E+00
+1.595000E-04,-1.800000E-03,+2.400000E-04,+2.040000E+00
+1.596000E-04,-1.800000E-03,+3.200000E-04,+2.040000E+00
+1.597000E-04,-1.600000E-03,+2.400000E-04,+2.040000E+00
+1.598000E-04,-1.200000E-03,+0.000000E+00,+2.040000E+00
+1.599000E-04,-1.200000E-03,+8.000000E-05,+2.040000E+00
+1.600000E-04,-1.200000E-03,+2.400000E-04,+2.040000E+00
+1.601000E-04,-1.200000E-03,+3.200000E-04,+2.040000E+00
+1.602000E-04,-9.999999E-04,+3.200000E-04,+2.040000E+00
+1.603000E-04,-9.999999E-04,+2.400000E-04,+2.040000E+00
+1.604000E-04,-8.000000E-04,+2.400000E-04,+2.040000E+00
+1.605000E-04,-6.000000E-04,+1.600000E-04,+2.040000E+00
+1.606000E-04,-6.000000E-04,+4.000000E-04,+2.040000E+00
+1.607000E-04,-6.000000E-04,+4.800000E-04,+2.040000E+00
+1.608000E-04,-4.000000E-04,+5.600000E-04,+2.040000E+00
+1.609000E-04,-4.000000E-04,+4.000000E-04,+2.000000E+00
+1.610000E-04,+0.000000E+00,+5.600000E-04,+2.040000E+00
+1.611000E-04,+0.000000E+00,+6.400000E-04,+2.040000E+00
+1.612000E-04,+0.000000E+00,+6.400000E-04,+2.040000E+00
+1.613000E-04,+2.000000E-04,+4.800000E-04,+2.040000E+00
+1.614000E-04,+4.000000E-04,+4.000000E-04,+2.000000E+00
+1.615000E-04,+4.000000E-04,+5.600000E-04,+2.040000E+00
+1.616000E-04,+4.000000E-04,+7.200000E-04,+2.040000E+00
+1.617000E-04,+4.000000E-04,+7.200000E-04,+2.040000E+00
+1.618000E-04,+8.000000E-04,+4.800000E-04,+2.040000E+00
+1.619000E-04,+8.000000E-04,+4.000000E-04,+2.000000E+00
+1.620000E-04,+9.999999E-04,+5.600000E-04,+2.000000E+00
+1.621000E-04,+9.999999E-04,+4.800000E-04,+2.040000E+00
+1.622000E-04,+9.999999E-04,+5.600000E-04,+2.040000E+00
+1.623000E-04,+9.999999E-04,+4.800000E-04,+2.040000E+00
+1.624000E-04,+1.200000E-03,+7.200000E-04,+2.040000E+00
+1.625000E-04,+1.200000E-03,+6.400000E-04,+2.000000E+00
+1.626000E-04,+1.400000E-03,+5.600000E-04,+2.040000E+00
+1.627000E-04,+1.400000E-03,+5.600000E-04,+2.040000E+00
+1.628000E-04,+1.600000E-03,+8.000000E-04,+2.040000E+00
+1.629000E-04,+1.600000E-03,+5.600000E-04,+2.040000E+00
+1.630000E-04,+1.800000E-03,+5.600000E-04,+2.040000E+00
+1.631000E-04,+1.600000E-03,+5.600000E-04,+2.000000E+00
+1.632000E-04,+1.800000E-03,+6.400000E-04,+2.040000E+00
+1.633000E-04,+1.800000E-03,+5.600000E-04,+2.000000E+00
+1.634000E-04,+2.000000E-03,+5.600000E-04,+2.000000E+00
+1.635000E-04,+2.000000E-03,+4.800000E-04,+2.000000E+00
+1.636000E-04,+2.200000E-03,+4.000000E-04,+2.000000E+00
+1.637000E-04,+2.200000E-03,+3.200000E-04,+2.000000E+00
+1.638000E-04,+2.200000E-03,+4.000000E-04,+2.040000E+00
+1.639000E-04,+2.200000E-03,+3.200000E-04,+2.040000E+00
+1.640000E-04,+2.200000E-03,+4.000000E-04,+2.000000E+00
+1.641000E-04,+2.200000E-03,+3.200000E-04,+2.040000E+00
+1.642000E-04,+2.200000E-03,+3.200000E-04,+2.040000E+00
+1.643000E-04,+2.200000E-03,+2.400000E-04,+2.040000E+00
+1.644000E-04,+2.400000E-03,+3.200000E-04,+2.000000E+00
+1.645000E-04,+2.400000E-03,+1.600000E-04,+2.000000E+00
+1.646000E-04,+2.400000E-03,+1.600000E-04,+2.040000E+00
+1.647000E-04,+2.400000E-03,+0.000000E+00,+2.040000E+00
+1.648000E-04,+2.400000E-03,+1.600000E-04,+2.040000E+00
+1.649000E-04,+2.400000E-03,+8.000000E-05,+2.040000E+00
+1.650000E-04,+2.200000E-03,+1.600000E-04,+2.000000E+00
+1.651000E-04,+2.400000E-03,+0.000000E+00,+2.040000E+00
+1.652000E-04,+2.400000E-03,-2.400000E-04,+2.040000E+00
+1.653000E-04,+2.400000E-03,-3.200000E-04,+2.040000E+00
+1.654000E-04,+2.200000E-03,-8.000000E-05,+2.040000E+00
+1.655000E-04,+2.400000E-03,-1.600000E-04,+2.040000E+00
+1.656000E-04,+2.200000E-03,-4.000000E-04,+2.000000E+00
+1.657000E-04,+2.200000E-03,-4.800000E-04,+2.040000E+00
+1.658000E-04,+2.200000E-03,-4.000000E-04,+2.040000E+00
+1.659000E-04,+2.200000E-03,-5.600000E-04,+2.000000E+00
+1.660000E-04,+2.000000E-03,-5.600000E-04,+2.040000E+00
+1.661000E-04,+2.200000E-03,-5.600000E-04,+2.040000E+00
+1.662000E-04,+2.000000E-03,-5.600000E-04,+2.000000E+00
+1.663000E-04,+2.000000E-03,-5.600000E-04,+2.000000E+00
+1.664000E-04,+2.000000E-03,-7.200000E-04,+2.040000E+00
+1.665000E-04,+2.000000E-03,-6.400000E-04,+2.040000E+00
+1.666000E-04,+1.800000E-03,-8.000000E-04,+2.000000E+00
+1.667000E-04,+2.000000E-03,-8.799999E-04,+2.040000E+00
+1.668000E-04,+1.800000E-03,-8.799999E-04,+2.000000E+00
+1.669000E-04,+1.800000E-03,-8.000000E-04,+2.000000E+00
+1.670000E-04,+1.800000E-03,-1.040000E-03,+2.040000E+00
+1.671000E-04,+1.600000E-03,-1.040000E-03,+2.000000E+00
+1.672000E-04,+1.400000E-03,-1.120000E-03,+2.000000E+00
+1.673000E-04,+1.400000E-03,-9.600000E-04,+2.040000E+00
+1.674000E-04,+1.200000E-03,-1.040000E-03,+2.040000E+00
+1.675000E-04,+1.200000E-03,-1.120000E-03,+2.000000E+00
+1.676000E-04,+1.200000E-03,-1.200000E-03,+2.000000E+00
+1.677000E-04,+9.999999E-04,-1.200000E-03,+2.040000E+00
+1.678000E-04,+1.200000E-03,-1.360000E-03,+2.000000E+00
+1.679000E-04,+9.999999E-04,-1.360000E-03,+2.040000E+00
+1.680000E-04,+9.999999E-04,-1.600000E-03,+2.040000E+00
+1.681000E-04,+8.000000E-04,-1.440000E-03,+2.040000E+00
+1.682000E-04,+6.000000E-04,-1.440000E-03,+2.040000E+00
+1.683000E-04,+6.000000E-04,-1.440000E-03,+2.040000E+00
+1.684000E-04,+6.000000E-04,-1.680000E-03,+2.040000E+00
+1.685000E-04,+4.000000E-04,-1.680000E-03,+2.040000E+00
+1.686000E-04,+4.000000E-04,-1.600000E-03,+2.040000E+00
+1.687000E-04,+0.000000E+00,-1.520000E-03,+2.000000E+00
+1.688000E-04,+2.000000E-04,-1.520000E-03,+2.040000E+00
+1.689000E-04,+0.000000E+00,-1.600000E-03,+2.040000E+00
+1.690000E-04,+2.000000E-04,-1.760000E-03,+2.040000E+00
+1.691000E-04,+0.000000E+00,-1.680000E-03,+2.040000E+00
+1.692000E-04,-2.000000E-04,-1.760000E-03,+2.000000E+00
+1.693000E-04,-2.000000E-04,-1.760000E-03,+2.040000E+00
+1.694000E-04,-2.000000E-04,-1.760000E-03,+2.000000E+00
+1.695000E-04,-6.000000E-04,-1.680000E-03,+2.000000E+00
+1.696000E-04,-6.000000E-04,-1.760000E-03,+2.040000E+00
+1.697000E-04,-8.000000E-04,-1.760000E-03,+2.000000E+00
+1.698000E-04,-6.000000E-04,-1.920000E-03,+2.040000E+00
+1.699000E-04,-9.999999E-04,-1.680000E-03,+2.040000E+00
+1.700000E-04,-9.999999E-04,-1.760000E-03,+2.040000E+00
+1.701000E-04,-8.000000E-04,-1.760000E-03,+2.040000E+00
+1.702000E-04,-9.999999E-04,-1.760000E-03,+2.040000E+00
+1.703000E-04,-1.200000E-03,-1.680000E-03,+2.040000E+00
+1.704000E-04,-1.200000E-03,-1.600000E-03,+2.040000E+00
+1.705000E-04,-9.999999E-04,-1.680000E-03,+2.000000E+00
+1.706000E-04,-1.200000E-03,-1.680000E-03,+2.040000E+00
+1.707000E-04,-1.400000E-03,-1.520000E-03,+2.040000E+00
+1.708000E-04,-1.400000E-03,-1.520000E-03,+2.040000E+00
+1.709000E-04,-1.400000E-03,-1.600000E-03,+2.000000E+00
+1.710000E-04,-1.400000E-03,-1.680000E-03,+2.000000E+00
+1.711000E-04,-1.600000E-03,-1.520000E-03,+2.040000E+00
+1.712000E-04,-1.600000E-03,-1.280000E-03,+2.040000E+00
+1.713000E-04,-1.800000E-03,-1.360000E-03,+2.040000E+00
+1.714000E-04,-1.600000E-03,-1.440000E-03,+2.040000E+00
+1.715000E-04,-1.800000E-03,-1.440000E-03,+2.040000E+00
+1.716000E-04,-1.800000E-03,-1.280000E-03,+2.040000E+00
+1.717000E-04,-1.800000E-03,-1.200000E-03,+2.040000E+00
+1.718000E-04,-1.800000E-03,-1.280000E-03,+2.000000E+00
+1.719000E-04,-1.800000E-03,-1.200000E-03,+2.000000E+00
+1.720000E-04,-1.800000E-03,-1.200000E-03,+2.000000E+00
+1.721000E-04,-2.000000E-03,-1.120000E-03,+2.040000E+00
+1.722000E-04,-2.000000E-03,-9.600000E-04,+2.040000E+00
+1.723000E-04,-2.000000E-03,-1.120000E-03,+2.040000E+00
+1.724000E-04,-2.000000E-03,-9.600000E-04,+2.040000E+00
+1.725000E-04,-2.000000E-03,-7.200000E-04,+2.000000E+00
+1.726000E-04,-2.200000E-03,-6.400000E-04,+2.040000E+00
+1.727000E-04,-2.200000E-03,-5.600000E-04,+2.040000E+00
+1.728000E-04,-2.000000E-03,-5.600000E-04,+2.000000E+00
+1.729000E-04,-2.000000E-03,-5.600000E-04,+2.040000E+00
+1.730000E-04,-2.000000E-03,-4.800000E-04,+2.040000E+00
+1.731000E-04,-2.000000E-03,-4.800000E-04,+2.040000E+00
+1.732000E-04,-2.000000E-03,-2.400000E-04,+2.040000E+00
+1.733000E-04,-2.000000E-03,-2.400000E-04,+2.000000E+00
+1.734000E-04,-2.000000E-03,-8.000000E-05,+2.040000E+00
+1.735000E-04,-1.800000E-03,-2.400000E-04,+2.040000E+00
+1.736000E-04,-1.800000E-03,-8.000000E-05,+2.040000E+00
+1.737000E-04,-2.000000E-03,-8.000000E-05,+2.000000E+00
+1.738000E-04,-2.000000E-03,+8.000000E-05,+2.040000E+00
+1.739000E-04,-1.800000E-03,+8.000000E-05,+2.040000E+00
+1.740000E-04,-1.800000E-03,+3.200000E-04,+2.000000E+00
+1.741000E-04,-2.000000E-03,+2.400000E-04,+2.000000E+00
+1.742000E-04,-1.800000E-03,+3.200000E-04,+2.040000E+00
+1.743000E-04,-1.600000E-03,+2.400000E-04,+2.040000E+00
+1.744000E-04,-1.600000E-03,+4.000000E-04,+2.040000E+00
+1.745000E-04,-1.600000E-03,+5.600000E-04,+2.040000E+00
+1.746000E-04,-1.800000E-03,+8.000000E-04,+2.040000E+00
+1.747000E-04,-1.400000E-03,+7.200000E-04,+2.040000E+00
+1.748000E-04,-1.400000E-03,+8.000000E-04,+2.040000E+00
+1.749000E-04,-1.400000E-03,+7.200000E-04,+2.040000E+00
+1.750000E-04,-1.400000E-03,+8.799999E-04,+2.040000E+00
+1.751000E-04,-1.200000E-03,+8.799999E-04,+2.040000E+00
+1.752000E-04,-1.400000E-03,+1.200000E-03,+2.000000E+00
+1.753000E-04,-1.400000E-03,+1.200000E-03,+2.000000E+00
+1.754000E-04,-1.200000E-03,+1.200000E-03,+2.040000E+00
+1.755000E-04,-8.000000E-04,+1.040000E-03,+2.040000E+00
+1.756000E-04,-9.999999E-04,+1.120000E-03,+2.040000E+00
+1.757000E-04,-9.999999E-04,+1.200000E-03,+2.000000E+00
+1.758000E-04,-9.999999E-04,+1.280000E-03,+2.000000E+00
+1.759000E-04,-8.000000E-04,+1.360000E-03,+2.000000E+00
+1.760000E-04,-9.999999E-04,+1.520000E-03,+2.040000E+00
+1.761000E-04,-8.000000E-04,+1.600000E-03,+2.000000E+00
+1.762000E-04,-8.000000E-04,+1.600000E-03,+2.040000E+00
+1.763000E-04,-6.000000E-04,+1.520000E-03,+2.000000E+00
+1.764000E-04,-6.000000E-04,+1.520000E-03,+2.040000E+00
+1.765000E-04,-4.000000E-04,+1.680000E-03,+2.040000E+00
+1.766000E-04,-4.000000E-04,+1.680000E-03,+2.000000E+00
+1.767000E-04,-2.000000E-04,+1.600000E-03,+2.040000E+00
+1.768000E-04,-2.000000E-04,+1.760000E-03,+2.040000E+00
+1.769000E-04,-2.000000E-04,+1.680000E-03,+2.000000E+00
+1.770000E-04,-2.000000E-04,+1.680000E-03,+2.000000E+00
+1.771000E-04,-2.000000E-04,+1.840000E-03,+2.040000E+00
+1.772000E-04,-2.000000E-04,+1.760000E-03,+2.040000E+00
+1.773000E-04,+0.000000E+00,+1.840000E-03,+2.040000E+00
+1.774000E-04,+0.000000E+00,+1.680000E-03,+2.000000E+00
+1.775000E-04,+2.000000E-04,+1.760000E-03,+2.040000E+00
+1.776000E-04,+0.000000E+00,+1.760000E-03,+2.040000E+00
+1.777000E-04,+2.000000E-04,+1.840000E-03,+2.040000E+00
+1.778000E-04,+4.000000E-04,+1.760000E-03,+2.040000E+00
+1.779000E-04,+2.000000E-04,+1.840000E-03,+2.040000E+00
+1.780000E-04,+2.000000E-04,+1.760000E-03,+2.040000E+00
+1.781000E-04,+6.000000E-04,+1.760000E-03,+2.040000E+00
+1.782000E-04,+6.000000E-04,+1.600000E-03,+2.000000E+00
+1.783000E-04,+6.000000E-04,+1.760000E-03,+2.040000E+00
+1.784000E-04,+6.000000E-04,+1.680000E-03,+2.040000E+00
+1.785000E-04,+8.000000E-04,+1.840000E-03,+2.000000E+00
+1.786000E-04,+8.000000E-04,+1.600000E-03,+2.000000E+00
+1.787000E-04,+8.000000E-04,+1.440000E-03,+2.000000E+00
+1.788000E-04,+8.000000E-04,+1.520000E-03,+2.040000E+00
+1.789000E-04,+8.000000E-04,+1.680000E-03,+2.040000E+00
+1.790000E-04,+8.000000E-04,+1.520000E-03,+2.040000E+00
+1.791000E-04,+8.000000E-04,+1.520000E-03,+2.040000E+00
+1.792000E-04,+8.000000E-04,+1.360000E-03,+2.000000E+00
+1.793000E-04,+9.999999E-04,+1.280000E-03,+2.000000E+00
+1.794000E-04,+1.200000E-03,+1.200000E-03,+2.000000E+00
+1.795000E-04,+9.999999E-04,+1.280000E-03,+2.040000E+00
+1.796000E-04,+9.999999E-04,+1.120000E-03,+2.040000E+00
+1.797000E-04,+9.999999E-04,+1.120000E-03,+2.040000E+00
+1.798000E-04,+1.200000E-03,+8.799999E-04,+2.040000E+00
+1.799000E-04,+9.999999E-04,+9.600000E-04,+2.040000E+00
+1.800000E-04,+1.200000E-03,+8.799999E-04,+2.040000E+00
+1.801000E-04,+1.200000E-03,+9.600000E-04,+2.000000E+00
+1.802000E-04,+9.999999E-04,+8.000000E-04,+2.000000E+00
+1.803000E-04,+9.999999E-04,+7.200000E-04,+2.000000E+00
+1.804000E-04,+1.400000E-03,+5.600000E-04,+2.000000E+00
+1.805000E-04,+1.200000E-03,+4.000000E-04,+2.040000E+00
+1.806000E-04,+1.200000E-03,+4.000000E-04,+2.000000E+00
+1.807000E-04,+9.999999E-04,+5.600000E-04,+2.040000E+00
+1.808000E-04,+1.200000E-03,+4.000000E-04,+2.040000E+00
+1.809000E-04,+1.200000E-03,+2.400000E-04,+2.040000E+00
+1.810000E-04,+9.999999E-04,+8.000000E-05,+2.040000E+00
+1.811000E-04,+9.999999E-04,+0.000000E+00,+2.040000E+00
+1.812000E-04,+1.200000E-03,-8.000000E-05,+2.040000E+00
+1.813000E-04,+9.999999E-04,-1.600000E-04,+2.040000E+00
+1.814000E-04,+9.999999E-04,-1.600000E-04,+2.000000E+00
+1.815000E-04,+9.999999E-04,-4.000000E-04,+2.040000E+00
+1.816000E-04,+1.200000E-03,-5.600000E-04,+2.040000E+00
+1.817000E-04,+9.999999E-04,-6.400000E-04,+2.040000E+00
+1.818000E-04,+9.999999E-04,-6.400000E-04,+2.040000E+00
+1.819000E-04,+9.999999E-04,-8.000000E-04,+2.040000E+00
+1.820000E-04,+9.999999E-04,-8.799999E-04,+2.040000E+00
+1.821000E-04,+9.999999E-04,-1.040000E-03,+2.040000E+00
+1.822000E-04,+8.000000E-04,-9.600000E-04,+2.040000E+00
+1.823000E-04,+8.000000E-04,-9.600000E-04,+2.040000E+00
+1.824000E-04,+8.000000E-04,-1.040000E-03,+2.040000E+00
+1.825000E-04,+6.000000E-04,-1.280000E-03,+2.000000E+00
+1.826000E-04,+6.000000E-04,-1.280000E-03,+2.040000E+00
+1.827000E-04,+6.000000E-04,-1.200000E-03,+2.000000E+00
+1.828000E-04,+8.000000E-04,-1.360000E-03,+2.000000E+00
+1.829000E-04,+6.000000E-04,-1.520000E-03,+2.000000E+00
+1.830000E-04,+6.000000E-04,-1.600000E-03,+2.040000E+00
+1.831000E-04,+6.000000E-04,-1.680000E-03,+2.040000E+00
+1.832000E-04,+6.000000E-04,-1.600000E-03,+2.040000E+00
+1.833000E-04,+4.000000E-04,-1.760000E-03,+2.040000E+00
+1.834000E-04,+6.000000E-04,-1.840000E-03,+2.000000E+00
+1.835000E-04,+6.000000E-04,-1.920000E-03,+2.040000E+00
+1.836000E-04,+4.000000E-04,-1.920000E-03,+2.040000E+00
+1.837000E-04,+4.000000E-04,-2.000000E-03,+2.000000E+00
+1.838000E-04,+6.000000E-04,-2.240000E-03,+2.040000E+00
+1.839000E-04,+6.000000E-04,-2.240000E-03,+2.040000E+00
+1.840000E-04,+4.000000E-04,-2.000000E-03,+2.040000E+00
+1.841000E-04,+2.000000E-04,-2.160000E-03,+2.040000E+00
+1.842000E-04,+0.000000E+00,-2.240000E-03,+2.000000E+00
+1.843000E-04,+2.000000E-04,-2.400000E-03,+2.040000E+00
+1.844000E-04,+2.000000E-04,-2.400000E-03,+2.000000E+00
+1.845000E-04,+0.000000E+00,-2.480000E-03,+2.040000E+00
+1.846000E-04,+0.000000E+00,-2.320000E-03,+2.040000E+00
+1.847000E-04,+0.000000E+00,-2.400000E-03,+2.000000E+00
+1.848000E-04,+0.000000E+00,-2.400000E-03,+2.040000E+00
+1.849000E-04,+0.000000E+00,-2.560000E-03,+2.040000E+00
+1.850000E-04,+0.000000E+00,-2.560000E-03,+2.000000E+00
+1.851000E-04,+0.000000E+00,-2.560000E-03,+2.000000E+00
+1.852000E-04,-4.000000E-04,-2.480000E-03,+2.040000E+00
+1.853000E-04,-4.000000E-04,-2.480000E-03,+2.040000E+00
+1.854000E-04,-2.000000E-04,-2.480000E-03,+2.040000E+00
+1.855000E-04,-2.000000E-04,-2.560000E-03,+2.040000E+00
+1.856000E-04,-2.000000E-04,-2.640000E-03,+2.000000E+00
+1.857000E-04,-4.000000E-04,-2.640000E-03,+2.040000E+00
+1.858000E-04,-2.000000E-04,-2.560000E-03,+2.000000E+00
+1.859000E-04,-4.000000E-04,-2.480000E-03,+2.040000E+00
+1.860000E-04,-4.000000E-04,-2.480000E-03,+2.040000E+00
+1.861000E-04,-4.000000E-04,-2.480000E-03,+2.040000E+00
+1.862000E-04,-4.000000E-04,-2.480000E-03,+2.040000E+00
+1.863000E-04,-4.000000E-04,-2.480000E-03,+2.000000E+00
+1.864000E-04,-6.000000E-04,-2.400000E-03,+2.040000E+00
+1.865000E-04,-4.000000E-04,-2.320000E-03,+2.040000E+00
+1.866000E-04,-4.000000E-04,-2.240000E-03,+2.040000E+00
+1.867000E-04,-6.000000E-04,-2.240000E-03,+2.040000E+00
+1.868000E-04,-6.000000E-04,-2.080000E-03,+2.040000E+00
+1.869000E-04,-4.000000E-04,-2.160000E-03,+2.000000E+00
+1.870000E-04,-4.000000E-04,-2.160000E-03,+2.040000E+00
+1.871000E-04,-6.000000E-04,-2.000000E-03,+2.040000E+00
+1.872000E-04,-8.000000E-04,-2.000000E-03,+2.000000E+00
+1.873000E-04,-6.000000E-04,-1.920000E-03,+2.040000E+00
+1.874000E-04,-6.000000E-04,-1.920000E-03,+2.040000E+00
+1.875000E-04,-6.000000E-04,-1.920000E-03,+2.040000E+00
+1.876000E-04,-6.000000E-04,-1.840000E-03,+2.040000E+00
+1.877000E-04,-6.000000E-04,-1.680000E-03,+2.000000E+00
+1.878000E-04,-6.000000E-04,-1.520000E-03,+2.040000E+00
+1.879000E-04,-8.000000E-04,-1.440000E-03,+2.000000E+00
+1.880000E-04,-6.000000E-04,-1.440000E-03,+2.040000E+00
+1.881000E-04,-6.000000E-04,-1.360000E-03,+2.040000E+00
+1.882000E-04,-4.000000E-04,-1.360000E-03,+2.040000E+00
+1.883000E-04,-6.000000E-04,-1.280000E-03,+2.040000E+00
+1.884000E-04,-6.000000E-04,-1.120000E-03,+2.000000E+00
+1.885000E-04,-6.000000E-04,-9.600000E-04,+2.000000E+00
+1.886000E-04,-6.000000E-04,-8.799999E-04,+2.000000E+00
+1.887000E-04,-6.000000E-04,-8.799999E-04,+2.000000E+00
+1.888000E-04,-4.000000E-04,-8.799999E-04,+2.040000E+00
+1.889000E-04,-4.000000E-04,-8.000000E-04,+2.000000E+00
+1.890000E-04,-6.000000E-04,-6.400000E-04,+2.000000E+00
+1.891000E-04,-8.000000E-04,-4.000000E-04,+2.040000E+00
+1.892000E-04,-6.000000E-04,-4.000000E-04,+2.000000E+00
+1.893000E-04,-4.000000E-04,-4.000000E-04,+2.040000E+00
+1.894000E-04,-6.000000E-04,-3.200000E-04,+2.040000E+00
+1.895000E-04,-6.000000E-04,-1.600000E-04,+2.040000E+00
+1.896000E-04,-6.000000E-04,+0.000000E+00,+2.000000E+00
+1.897000E-04,-4.000000E-04,+0.000000E+00,+2.040000E+00
+1.898000E-04,-4.000000E-04,+8.000000E-05,+2.040000E+00
+1.899000E-04,-4.000000E-04,+1.600000E-04,+2.040000E+00
+1.900000E-04,-4.000000E-04,+2.400000E-04,+2.000000E+00
+1.901000E-04,-2.000000E-04,+3.200000E-04,+2.040000E+00
+1.902000E-04,-4.000000E-04,+5.600000E-04,+2.040000E+00
+1.903000E-04,-4.000000E-04,+7.200000E-04,+2.040000E+00
+1.904000E-04,-2.000000E-04,+6.400000E-04,+2.000000E+00
+1.905000E-04,-2.000000E-04,+5.600000E-04,+2.040000E+00
+1.906000E-04,-4.000000E-04,+8.000000E-04,+2.040000E+00
+1.907000E-04,-4.000000E-04,+9.600000E-04,+2.040000E+00
+1.908000E-04,-4.000000E-04,+1.120000E-03,+2.040000E+00
+1.909000E-04,-2.000000E-04,+1.120000E-03,+2.040000E+00
+1.910000E-04,-4.000000E-04,+1.200000E-03,+2.040000E+00
+1.911000E-04,-4.000000E-04,+1.280000E-03,+2.040000E+00
+1.912000E-04,-2.000000E-04,+1.440000E-03,+2.040000E+00
+1.913000E-04,-2.000000E-04,+1.280000E-03,+2.000000E+00
+1.914000E-04,-4.000000E-04,+1.440000E-03,+2.000000E+00
+1.915000E-04,-2.000000E-04,+1.680000E-03,+2.000000E+00
+1.916000E-04,+0.000000E+00,+1.520000E-03,+2.040000E+00
+1.917000E-04,+0.000000E+00,+1.520000E-03,+2.040000E+00
+1.918000E-04,-2.000000E-04,+1.520000E-03,+2.000000E+00
+1.919000E-04,+0.000000E+00,+1.520000E-03,+2.000000E+00
+1.920000E-04,-2.000000E-04,+1.760000E-03,+2.000000E+00
+1.921000E-04,-2.000000E-04,+1.840000E-03,+2.000000E+00
+1.922000E-04,-2.000000E-04,+1.920000E-03,+2.040000E+00
+1.923000E-04,+0.000000E+00,+1.840000E-03,+2.040000E+00
+1.924000E-04,+0.000000E+00,+1.840000E-03,+2.000000E+00
+1.925000E-04,+0.000000E+00,+1.920000E-03,+2.040000E+00
+1.926000E-04,-2.000000E-04,+2.160000E-03,+2.040000E+00
+1.927000E-04,+0.000000E+00,+2.160000E-03,+2.040000E+00
+1.928000E-04,+0.000000E+00,+2.160000E-03,+2.000000E+00
+1.929000E-04,+0.000000E+00,+1.920000E-03,+2.040000E+00
+1.930000E-04,+0.000000E+00,+2.080000E-03,+2.040000E+00
+1.931000E-04,+0.000000E+00,+2.160000E-03,+2.040000E+00
+1.932000E-04,+0.000000E+00,+2.160000E-03,+2.040000E+00
+1.933000E-04,+0.000000E+00,+2.000000E-03,+2.040000E+00
+1.934000E-04,+0.000000E+00,+2.080000E-03,+2.000000E+00
+1.935000E-04,+0.000000E+00,+2.160000E-03,+2.040000E+00
+1.936000E-04,+0.000000E+00,+2.080000E-03,+2.040000E+00
+1.937000E-04,+0.000000E+00,+2.160000E-03,+2.000000E+00
+1.938000E-04,+2.000000E-04,+2.000000E-03,+2.040000E+00
+1.939000E-04,+0.000000E+00,+2.000000E-03,+2.040000E+00
+1.940000E-04,+0.000000E+00,+2.080000E-03,+2.040000E+00
+1.941000E-04,-2.000000E-04,+2.080000E-03,+2.040000E+00
+1.942000E-04,+0.000000E+00,+2.080000E-03,+2.000000E+00
+1.943000E-04,+0.000000E+00,+2.000000E-03,+2.040000E+00
+1.944000E-04,+0.000000E+00,+1.840000E-03,+2.040000E+00
+1.945000E-04,+0.000000E+00,+1.840000E-03,+2.040000E+00
+1.946000E-04,+0.000000E+00,+1.840000E-03,+2.000000E+00
+1.947000E-04,+0.000000E+00,+1.920000E-03,+2.000000E+00
+1.948000E-04,+0.000000E+00,+1.760000E-03,+2.040000E+00
+1.949000E-04,+0.000000E+00,+1.600000E-03,+2.040000E+00
+1.950000E-04,+0.000000E+00,+1.520000E-03,+2.040000E+00
+1.951000E-04,-2.000000E-04,+1.600000E-03,+2.000000E+00
+1.952000E-04,-2.000000E-04,+1.440000E-03,+2.040000E+00
+1.953000E-04,-2.000000E-04,+1.520000E-03,+2.000000E+00
+1.954000E-04,+0.000000E+00,+1.360000E-03,+2.040000E+00
+1.955000E-04,-2.000000E-04,+1.280000E-03,+2.040000E+00
+1.956000E-04,-2.000000E-04,+1.200000E-03,+2.040000E+00
+1.957000E-04,-2.000000E-04,+1.040000E-03,+2.040000E+00
+1.958000E-04,+0.000000E+00,+1.040000E-03,+2.000000E+00
+1.959000E-04,-4.000000E-04,+1.200000E-03,+2.000000E+00
+1.960000E-04,-4.000000E-04,+1.040000E-03,+2.040000E+00
+1.961000E-04,-4.000000E-04,+9.600000E-04,+2.040000E+00
+1.962000E-04,-2.000000E-04,+8.000000E-04,+2.040000E+00
+1.963000E-04,-2.000000E-04,+6.400000E-04,+2.040000E+00
+1.964000E-04,-2.000000E-04,+7.200000E-04,+2.040000E+00
+1.965000E-04,-2.000000E-04,+5.600000E-04,+2.040000E+00
+1.966000E-04,-2.000000E-04,+5.600000E-04,+2.040000E+00
+1.967000E-04,-4.000000E-04,+4.000000E-04,+2.040000E+00
+1.968000E-04,-4.000000E-04,+4.000000E-04,+2.040000E+00
+1.969000E-04,-4.000000E-04,+1.600000E-04,+2.040000E+00
+1.970000E-04,-2.000000E-04,-8.000000E-05,+2.040000E+00
+1.971000E-04,-4.000000E-04,-8.000000E-05,+2.040000E+00
+1.972000E-04,-6.000000E-04,+0.000000E+00,+2.000000E+00
+1.973000E-04,-6.000000E-04,+0.000000E+00,+2.040000E+00
+1.974000E-04,-4.000000E-04,-1.600000E-04,+2.040000E+00
+1.975000E-04,-4.000000E-04,-4.000000E-04,+2.040000E+00
+1.976000E-04,-4.000000E-04,-4.800000E-04,+2.000000E+00
+1.977000E-04,-4.000000E-04,-4.800000E-04,+2.000000E+00
+1.978000E-04,-4.000000E-04,-4.800000E-04,+2.040000E+00
+1.979000E-04,-4.000000E-04,-5.600000E-04,+2.040000E+00
+1.980000E-04,-4.000000E-04,-8.000000E-04,+2.040000E+00
+1.981000E-04,-4.000000E-04,-8.799999E-04,+2.040000E+00
+1.982000E-04,-4.000000E-04,-8.799999E-04,+2.040000E+00
+1.983000E-04,-6.000000E-04,-9.600000E-04,+2.000000E+00
+1.984000E-04,-6.000000E-04,-8.799999E-04,+2.040000E+00
+1.985000E-04,-6.000000E-04,-9.600000E-04,+2.040000E+00
+1.986000E-04,-6.000000E-04,-1.280000E-03,+2.040000E+00
+1.987000E-04,-4.000000E-04,-1.520000E-03,+2.040000E+00
+1.988000E-04,-6.000000E-04,-1.360000E-03,+2.040000E+00
+1.989000E-04,-6.000000E-04,-1.280000E-03,+2.040000E+00
+1.990000E-04,-6.000000E-04,-1.360000E-03,+2.040000E+00
+1.991000E-04,-6.000000E-04,-1.680000E-03,+2.040000E+00
+1.992000E-04,-4.000000E-04,-1.760000E-03,+2.040000E+00
+1.993000E-04,-4.000000E-04,-1.680000E-03,+2.040000E+00
+1.994000E-04,-4.000000E-04,-1.760000E-03,+2.040000E+00
+1.995000E-04,-6.000000E-04,-1.920000E-03,+2.040000E+00
+1.996000E-04,-4.000000E-04,-1.760000E-03,+2.040000E+00
+1.997000E-04,-4.000000E-04,-1.840000E-03,+2.000000E+00
+1.998000E-04,-6.000000E-04,-1.920000E-03,+2.000000E+00
+1.999000E-04,-4.000000E-04,-2.000000E-03,+2.040000E+00
+2.000000E-04,-4.000000E-04,-2.080000E-03,+2.040000E+00
+2.001000E-04,-4.000000E-04,-2.160000E-03,+2.000000E+00
+2.002000E-04,-6.000000E-04,-2.000000E-03,+2.040000E+00
+2.003000E-04,-4.000000E-04,-2.080000E-03,+2.040000E+00
+2.004000E-04,-4.000000E-04,-2.400000E-03,+2.040000E+00
+2.005000E-04,-2.000000E-04,-2.320000E-03,+2.040000E+00
+2.006000E-04,-4.000000E-04,-2.240000E-03,+2.040000E+00
+2.007000E-04,-4.000000E-04,-2.160000E-03,+2.040000E+00
+2.008000E-04,-4.000000E-04,-2.240000E-03,+2.040000E+00
+2.009000E-04,-4.000000E-04,-2.400000E-03,+2.000000E+00
+2.010000E-04,-4.000000E-04,-2.400000E-03,+2.040000E+00
+2.011000E-04,-4.000000E-04,-2.400000E-03,+2.040000E+00
+2.012000E-04,-2.000000E-04,-2.480000E-03,+2.040000E+00
+2.013000E-04,-2.000000E-04,-2.400000E-03,+2.040000E+00
+2.014000E-04,-2.000000E-04,-2.240000E-03,+2.040000E+00
+2.015000E-04,-2.000000E-04,-2.240000E-03,+2.040000E+00
+2.016000E-04,+0.000000E+00,-2.320000E-03,+2.000000E+00
+2.017000E-04,+0.000000E+00,-2.400000E-03,+2.040000E+00
+2.018000E-04,+0.000000E+00,-2.320000E-03,+2.040000E+00
+2.019000E-04,+0.000000E+00,-2.240000E-03,+2.000000E+00
+2.020000E-04,+0.000000E+00,-2.240000E-03,+2.040000E+00
+2.021000E-04,+0.000000E+00,-2.320000E-03,+2.040000E+00
+2.022000E-04,+0.000000E+00,-2.320000E-03,+2.040000E+00
+2.023000E-04,+0.000000E+00,-2.320000E-03,+2.040000E+00
+2.024000E-04,+0.000000E+00,-2.160000E-03,+2.040000E+00
+2.025000E-04,+0.000000E+00,-2.080000E-03,+2.040000E+00
+2.026000E-04,+0.000000E+00,-2.080000E-03,+2.040000E+00
+2.027000E-04,+0.000000E+00,-2.000000E-03,+2.040000E+00
+2.028000E-04,+2.000000E-04,-2.000000E-03,+2.000000E+00
+2.029000E-04,+2.000000E-04,-2.000000E-03,+2.000000E+00
+2.030000E-04,+2.000000E-04,-1.920000E-03,+2.040000E+00
+2.031000E-04,+4.000000E-04,-1.840000E-03,+2.040000E+00
+2.032000E-04,+2.000000E-04,-1.760000E-03,+2.040000E+00
+2.033000E-04,+4.000000E-04,-1.680000E-03,+2.040000E+00
+2.034000E-04,+4.000000E-04,-1.680000E-03,+2.040000E+00
+2.035000E-04,+4.000000E-04,-1.760000E-03,+2.040000E+00
+2.036000E-04,+6.000000E-04,-1.680000E-03,+2.040000E+00
+2.037000E-04,+6.000000E-04,-1.520000E-03,+2.040000E+00
+2.038000E-04,+6.000000E-04,-1.360000E-03,+2.000000E+00
+2.039000E-04,+6.000000E-04,-1.440000E-03,+2.000000E+00
+2.040000E-04,+6.000000E-04,-1.360000E-03,+2.040000E+00
+2.041000E-04,+6.000000E-04,-1.280000E-03,+2.040000E+00
+2.042000E-04,+6.000000E-04,-1.120000E-03,+2.040000E+00
+2.043000E-04,+6.000000E-04,-1.040000E-03,+2.040000E+00
+2.044000E-04,+6.000000E-04,-1.040000E-03,+2.040000E+00
+2.045000E-04,+6.000000E-04,-1.040000E-03,+2.040000E+00
+2.046000E-04,+6.000000E-04,-8.000000E-04,+2.040000E+00
+2.047000E-04,+6.000000E-04,-8.000000E-04,+2.000000E+00
+2.048000E-04,+8.000000E-04,-7.200000E-04,+2.040000E+00
+2.049000E-04,+8.000000E-04,-8.000000E-04,+2.000000E+00
+2.050000E-04,+8.000000E-04,-6.400000E-04,+2.000000E+00
+2.051000E-04,+8.000000E-04,-4.800000E-04,+2.040000E+00
+2.052000E-04,+8.000000E-04,-4.800000E-04,+2.040000E+00
+2.053000E-04,+8.000000E-04,-4.800000E-04,+2.000000E+00
+2.054000E-04,+8.000000E-04,-3.200000E-04,+2.000000E+00
+2.055000E-04,+8.000000E-04,-1.600000E-04,+2.040000E+00
+2.056000E-04,+8.000000E-04,-8.000000E-05,+2.040000E+00
+2.057000E-04,+8.000000E-04,-1.600000E-04,+2.040000E+00
+2.058000E-04,+8.000000E-04,-8.000000E-05,+2.040000E+00
+2.059000E-04,+8.000000E-04,+2.400000E-04,+2.040000E+00
+2.060000E-04,+6.000000E-04,+2.400000E-04,+2.040000E+00
+2.061000E-04,+8.000000E-04,+4.000000E-04,+2.040000E+00
+2.062000E-04,+8.000000E-04,+3.200000E-04,+2.040000E+00
+2.063000E-04,+9.999999E-04,+4.000000E-04,+2.040000E+00
+2.064000E-04,+8.000000E-04,+4.000000E-04,+2.040000E+00
+2.065000E-04,+8.000000E-04,+6.400000E-04,+2.040000E+00
+2.066000E-04,+8.000000E-04,+6.400000E-04,+2.040000E+00
+2.067000E-04,+9.999999E-04,+8.000000E-04,+2.000000E+00
+2.068000E-04,+8.000000E-04,+6.400000E-04,+2.040000E+00
+2.069000E-04,+8.000000E-04,+7.200000E-04,+2.040000E+00
+2.070000E-04,+8.000000E-04,+8.000000E-04,+2.040000E+00
+2.071000E-04,+9.999999E-04,+8.799999E-04,+2.040000E+00
+2.072000E-04,+8.000000E-04,+8.000000E-04,+2.040000E+00
+2.073000E-04,+8.000000E-04,+8.799999E-04,+2.040000E+00
+2.074000E-04,+8.000000E-04,+9.600000E-04,+2.000000E+00
+2.075000E-04,+8.000000E-04,+1.040000E-03,+2.040000E+00
+2.076000E-04,+6.000000E-04,+1.200000E-03,+2.040000E+00
+2.077000E-04,+6.000000E-04,+1.280000E-03,+2.040000E+00
+2.078000E-04,+6.000000E-04,+1.280000E-03,+2.040000E+00
+2.079000E-04,+6.000000E-04,+1.280000E-03,+2.040000E+00
+2.080000E-04,+6.000000E-04,+1.120000E-03,+2.040000E+00
+2.081000E-04,+6.000000E-04,+1.280000E-03,+2.040000E+00
+2.082000E-04,+6.000000E-04,+1.440000E-03,+2.040000E+00
+2.083000E-04,+6.000000E-04,+1.360000E-03,+2.040000E+00
+2.084000E-04,+4.000000E-04,+1.360000E-03,+2.040000E+00
+2.085000E-04,+2.000000E-04,+1.600000E-03,+2.000000E+00
+2.086000E-04,+4.000000E-04,+1.440000E-03,+2.040000E+00
+2.087000E-04,+4.000000E-04,+1.440000E-03,+2.000000E+00
+2.088000E-04,+4.000000E-04,+1.360000E-03,+2.040000E+00
+2.089000E-04,+2.000000E-04,+1.520000E-03,+2.000000E+00
+2.090000E-04,+2.000000E-04,+1.520000E-03,+2.040000E+00
+2.091000E-04,+2.000000E-04,+1.440000E-03,+2.000000E+00
+2.092000E-04,+2.000000E-04,+1.440000E-03,+2.040000E+00
+2.093000E-04,+0.000000E+00,+1.520000E-03,+2.000000E+00
+2.094000E-04,+0.000000E+00,+1.520000E-03,+2.000000E+00
+2.095000E-04,+0.000000E+00,+1.440000E-03,+2.040000E+00
+2.096000E-04,+0.000000E+00,+1.360000E-03,+2.000000E+00
+2.097000E-04,+0.000000E+00,+1.440000E-03,+2.040000E+00
+2.098000E-04,-2.000000E-04,+1.360000E-03,+2.000000E+00
+2.099000E-04,-2.000000E-04,+1.360000E-03,+2.040000E+00
+2.100000E-04,-2.000000E-04,+1.280000E-03,+2.040000E+00
+2.101000E-04,-4.000000E-04,+1.520000E-03,+2.000000E+00
+2.102000E-04,-4.000000E-04,+1.360000E-03,+2.000000E+00
+2.103000E-04,-6.000000E-04,+1.360000E-03,+2.040000E+00
+2.104000E-04,-4.000000E-04,+1.360000E-03,+2.040000E+00
+2.105000E-04,-4.000000E-04,+1.440000E-03,+2.040000E+00
+2.106000E-04,-4.000000E-04,+1.200000E-03,+2.040000E+00
+2.107000E-04,-6.000000E-04,+1.120000E-03,+2.040000E+00
+2.108000E-04,-6.000000E-04,+1.200000E-03,+2.040000E+00
+2.109000E-04,-6.000000E-04,+1.200000E-03,+2.040000E+00
+2.110000E-04,-8.000000E-04,+1.200000E-03,+2.040000E+00
+2.111000E-04,-9.999999E-04,+1.040000E-03,+2.040000E+00
+2.112000E-04,-8.000000E-04,+1.040000E-03,+2.040000E+00
+2.113000E-04,-8.000000E-04,+9.600000E-04,+2.040000E+00
+2.114000E-04,-8.000000E-04,+8.799999E-04,+2.040000E+00
+2.115000E-04,-9.999999E-04,+8.799999E-04,+2.040000E+00
+2.116000E-04,-9.999999E-04,+8.000000E-04,+2.000000E+00
+2.117000E-04,-9.999999E-04,+8.000000E-04,+2.040000E+00
+2.118000E-04,-9.999999E-04,+7.200000E-04,+2.000000E+00
+2.119000E-04,-1.200000E-03,+7.200000E-04,+2.040000E+00
+2.120000E-04,-1.200000E-03,+5.600000E-04,+2.040000E+00
+2.121000E-04,-1.200000E-03,+4.800000E-04,+2.000000E+00
+2.122000E-04,-1.200000E-03,+4.800000E-04,+2.040000E+00
+2.123000E-04,-1.400000E-03,+4.000000E-04,+2.040000E+00
+2.124000E-04,-1.400000E-03,+4.000000E-04,+2.040000E+00
+2.125000E-04,-1.400000E-03,+4.000000E-04,+2.040000E+00
+2.126000E-04,-1.400000E-03,+3.200000E-04,+2.000000E+00
+2.127000E-04,-1.600000E-03,+1.600000E-04,+2.000000E+00
+2.128000E-04,-1.400000E-03,+8.000000E-05,+2.040000E+00
+2.129000E-04,-1.400000E-03,+0.000000E+00,+2.000000E+00
+2.130000E-04,-1.600000E-03,+1.600000E-04,+2.000000E+00
+2.131000E-04,-1.600000E-03,+0.000000E+00,+2.040000E+00
+2.132000E-04,-1.400000E-03,-8.000000E-05,+2.040000E+00
+2.133000E-04,-1.400000E-03,-3.200000E-04,+2.040000E+00
+2.134000E-04,-1.400000E-03,-3.200000E-04,+2.040000E+00
+2.135000E-04,-1.600000E-03,-3.200000E-04,+2.000000E+00
+2.136000E-04,-1.600000E-03,-1.600000E-04,+2.000000E+00
+2.137000E-04,-1.600000E-03,-2.400000E-04,+2.040000E+00
+2.138000E-04,-1.400000E-03,-4.000000E-04,+2.040000E+00
+2.139000E-04,-1.400000E-03,-5.600000E-04,+2.040000E+00
+2.140000E-04,-1.600000E-03,-4.800000E-04,+2.000000E+00
+2.141000E-04,-1.600000E-03,-4.800000E-04,+2.040000E+00
+2.142000E-04,-1.600000E-03,-4.800000E-04,+2.040000E+00
+2.143000E-04,-1.600000E-03,-5.600000E-04,+2.040000E+00
+2.144000E-04,-1.600000E-03,-8.000000E-04,+2.040000E+00
+2.145000E-04,-1.400000E-03,-8.000000E-04,+2.040000E+00
+2.146000E-04,-1.600000E-03,-8.000000E-04,+2.040000E+00
+2.147000E-04,-1.400000E-03,-7.200000E-04,+2.040000E+00
+2.148000E-04,-1.400000E-03,-8.799999E-04,+2.040000E+00
+2.149000E-04,-1.400000E-03,-9.600000E-04,+2.040000E+00
+2.150000E-04,-1.400000E-03,-1.120000E-03,+2.040000E+00
+2.151000E-04,-1.200000E-03,-1.200000E-03,+2.000000E+00
+2.152000E-04,-1.200000E-03,-1.200000E-03,+2.000000E+00
+2.153000E-04,-1.400000E-03,-1.120000E-03,+2.000000E+00
+2.154000E-04,-1.400000E-03,-1.040000E-03,+2.040000E+00
+2.155000E-04,-1.200000E-03,-1.120000E-03,+2.040000E+00
+2.156000E-04,-1.200000E-03,-1.200000E-03,+2.000000E+00
+2.157000E-04,-1.200000E-03,-1.360000E-03,+2.040000E+00
+2.158000E-04,-1.200000E-03,-1.280000E-03,+2.040000E+00
+2.159000E-04,-9.999999E-04,-1.200000E-03,+2.040000E+00
+2.160000E-04,-9.999999E-04,-1.280000E-03,+2.000000E+00
+2.161000E-04,-9.999999E-04,-1.280000E-03,+2.000000E+00
+2.162000E-04,-8.000000E-04,-1.520000E-03,+2.040000E+00
+2.163000E-04,-8.000000E-04,-1.520000E-03,+2.040000E+00
+2.164000E-04,-9.999999E-04,-1.360000E-03,+2.000000E+00
+2.165000E-04,-9.999999E-04,-1.360000E-03,+2.040000E+00
+2.166000E-04,-8.000000E-04,-1.440000E-03,+2.040000E+00
+2.167000E-04,-6.000000E-04,-1.440000E-03,+2.040000E+00
+2.168000E-04,-8.000000E-04,-1.440000E-03,+2.040000E+00
+2.169000E-04,-8.000000E-04,-1.360000E-03,+2.040000E+00
+2.170000E-04,-6.000000E-04,-1.440000E-03,+2.040000E+00
+2.171000E-04,-4.000000E-04,-1.600000E-03,+2.000000E+00
+2.172000E-04,-4.000000E-04,-1.520000E-03,+2.040000E+00
+2.173000E-04,-4.000000E-04,-1.360000E-03,+2.040000E+00
+2.174000E-04,-4.000000E-04,-1.440000E-03,+2.040000E+00
+2.175000E-04,-2.000000E-04,-1.440000E-03,+2.040000E+00
+2.176000E-04,-2.000000E-04,-1.440000E-03,+2.040000E+00
+2.177000E-04,+0.000000E+00,-1.360000E-03,+2.040000E+00
+2.178000E-04,-2.000000E-04,-1.360000E-03,+2.000000E+00
+2.179000E-04,-2.000000E-04,-1.200000E-03,+2.040000E+00
+2.180000E-04,+0.000000E+00,-1.280000E-03,+2.000000E+00
+2.181000E-04,+2.000000E-04,-1.280000E-03,+2.040000E+00
+2.182000E-04,+2.000000E-04,-1.360000E-03,+2.000000E+00
+2.183000E-04,+2.000000E-04,-1.280000E-03,+2.000000E+00
+2.184000E-04,+2.000000E-04,-1.280000E-03,+2.040000E+00
+2.185000E-04,+4.000000E-04,-1.280000E-03,+2.000000E+00
+2.186000E-04,+6.000000E-04,-1.280000E-03,+2.000000E+00
+2.187000E-04,+6.000000E-04,-1.200000E-03,+2.040000E+00
+2.188000E-04,+6.000000E-04,-1.200000E-03,+2.040000E+00
+2.189000E-04,+6.000000E-04,-9.600000E-04,+2.000000E+00
+2.190000E-04,+6.000000E-04,-1.120000E-03,+2.000000E+00
+2.191000E-04,+8.000000E-04,-1.120000E-03,+2.000000E+00
+2.192000E-04,+8.000000E-04,-1.040000E-03,+2.000000E+00
+2.193000E-04,+8.000000E-04,-9.600000E-04,+2.040000E+00
+2.194000E-04,+8.000000E-04,-8.799999E-04,+2.040000E+00
+2.195000E-04,+9.999999E-04,-8.799999E-04,+2.040000E+00
+2.196000E-04,+1.200000E-03,-9.600000E-04,+2.000000E+00
+2.197000E-04,+1.200000E-03,-1.040000E-03,+2.000000E+00
+2.198000E-04,+1.200000E-03,-8.799999E-04,+2.040000E+00
+2.199000E-04,+1.200000E-03,-8.000000E-04,+2.040000E+00
+2.200000E-04,+1.200000E-03,-7.200000E-04,+2.040000E+00
+2.201000E-04,+1.200000E-03,-7.200000E-04,+2.040000E+00
+2.202000E-04,+1.200000E-03,-8.000000E-04,+2.040000E+00
+2.203000E-04,+1.400000E-03,-8.000000E-04,+2.000000E+00
+2.204000E-04,+1.400000E-03,-6.400000E-04,+2.000000E+00
+2.205000E-04,+1.400000E-03,-5.600000E-04,+2.040000E+00
+2.206000E-04,+1.400000E-03,-4.800000E-04,+2.040000E+00
+2.207000E-04,+1.400000E-03,-4.800000E-04,+2.040000E+00
+2.208000E-04,+1.400000E-03,-4.800000E-04,+2.040000E+00
+2.209000E-04,+1.400000E-03,-3.200000E-04,+2.040000E+00
+2.210000E-04,+1.600000E-03,-3.200000E-04,+2.000000E+00
+2.211000E-04,+1.600000E-03,-4.000000E-04,+2.000000E+00
+2.212000E-04,+1.600000E-03,-2.400000E-04,+2.000000E+00
+2.213000E-04,+1.600000E-03,-1.600000E-04,+2.000000E+00
+2.214000E-04,+1.600000E-03,-2.400000E-04,+2.000000E+00
+2.215000E-04,+1.800000E-03,-2.400000E-04,+2.040000E+00
+2.216000E-04,+1.800000E-03,-1.600000E-04,+2.040000E+00
+2.217000E-04,+1.800000E-03,-1.600000E-04,+2.040000E+00
+2.218000E-04,+1.600000E-03,-8.000000E-05,+2.000000E+00
+2.219000E-04,+1.600000E-03,-1.600000E-04,+2.040000E+00
+2.220000E-04,+1.600000E-03,+8.000000E-05,+2.040000E+00
+2.221000E-04,+1.600000E-03,+8.000000E-05,+2.040000E+00
+2.222000E-04,+1.600000E-03,+0.000000E+00,+2.000000E+00
+2.223000E-04,+1.600000E-03,-8.000000E-05,+2.000000E+00
+2.224000E-04,+1.400000E-03,+0.000000E+00,+2.040000E+00
+2.225000E-04,+1.400000E-03,+1.600000E-04,+2.000000E+00
+2.226000E-04,+1.400000E-03,+3.200000E-04,+2.040000E+00
+2.227000E-04,+1.600000E-03,+1.600000E-04,+2.000000E+00
+2.228000E-04,+1.400000E-03,+1.600000E-04,+2.040000E+00
+2.229000E-04,+1.400000E-03,+1.600000E-04,+2.000000E+00
+2.230000E-04,+1.600000E-03,+1.600000E-04,+2.000000E+00
+2.231000E-04,+1.400000E-03,+1.600000E-04,+2.040000E+00
+2.232000E-04,+1.400000E-03,+3.200000E-04,+2.040000E+00
+2.233000E-04,+1.200000E-03,+2.400000E-04,+2.000000E+00
+2.234000E-04,+1.200000E-03,+4.000000E-04,+2.040000E+00
+2.235000E-04,+1.400000E-03,+3.200000E-04,+2.000000E+00
+2.236000E-04,+1.400000E-03,+3.200000E-04,+2.040000E+00
+2.237000E-04,+1.200000E-03,+2.400000E-04,+2.040000E+00
+2.238000E-04,+9.999999E-04,+4.800000E-04,+2.040000E+00
+2.239000E-04,+9.999999E-04,+5.600000E-04,+2.040000E+00
+2.240000E-04,+9.999999E-04,+4.800000E-04,+2.040000E+00
+2.241000E-04,+9.999999E-04,+4.000000E-04,+2.040000E+00
+2.242000E-04,+8.000000E-04,+4.000000E-04,+2.040000E+00
+2.243000E-04,+9.999999E-04,+4.800000E-04,+2.040000E+00
+2.244000E-04,+8.000000E-04,+4.800000E-04,+2.040000E+00
+2.245000E-04,+6.000000E-04,+5.600000E-04,+2.040000E+00
+2.246000E-04,+8.000000E-04,+3.200000E-04,+2.040000E+00
+2.247000E-04,+8.000000E-04,+3.200000E-04,+2.000000E+00
+2.248000E-04,+6.000000E-04,+4.000000E-04,+2.000000E+00
+2.249000E-04,+6.000000E-04,+4.000000E-04,+2.040000E+00
+2.250000E-04,+6.000000E-04,+3.200000E-04,+2.000000E+00
+2.251000E-04,+4.000000E-04,+2.400000E-04,+2.000000E+00
+2.252000E-04,+4.000000E-04,+3.200000E-04,+2.000000E+00
+2.253000E-04,+2.000000E-04,+4.000000E-04,+2.040000E+00
+2.254000E-04,+0.000000E+00,+5.600000E-04,+2.040000E+00
+2.255000E-04,+2.000000E-04,+4.000000E-04,+2.000000E+00
+2.256000E-04,+0.000000E+00,+3.200000E-04,+2.040000E+00
+2.257000E-04,-2.000000E-04,+4.000000E-04,+2.040000E+00
+2.258000E-04,-2.000000E-04,+4.800000E-04,+2.000000E+00
+2.259000E-04,+0.000000E+00,+4.000000E-04,+2.040000E+00
+2.260000E-04,-2.000000E-04,+4.000000E-04,+2.040000E+00
+2.261000E-04,-2.000000E-04,+2.400000E-04,+2.040000E+00
+2.262000E-04,-4.000000E-04,+8.000000E-05,+2.040000E+00
+2.263000E-04,-4.000000E-04,+2.400000E-04,+2.040000E+00
+2.264000E-04,-6.000000E-04,+2.400000E-04,+2.000000E+00
+2.265000E-04,-6.000000E-04,+2.400000E-04,+2.040000E+00
+2.266000E-04,-8.000000E-04,+8.000000E-05,+2.040000E+00
+2.267000E-04,-8.000000E-04,+8.000000E-05,+2.040000E+00
+2.268000E-04,-8.000000E-04,+0.000000E+00,+2.000000E+00
+2.269000E-04,-9.999999E-04,+8.000000E-05,+2.000000E+00
+2.270000E-04,-9.999999E-04,+1.600000E-04,+2.040000E+00
+2.271000E-04,-9.999999E-04,+2.400000E-04,+2.040000E+00
+2.272000E-04,-9.999999E-04,+8.000000E-05,+2.000000E+00
+2.273000E-04,-9.999999E-04,+8.000000E-05,+2.000000E+00
+2.274000E-04,-1.200000E-03,+0.000000E+00,+2.040000E+00
+2.275000E-04,-1.200000E-03,+1.600000E-04,+2.040000E+00
+2.276000E-04,-1.400000E-03,+8.000000E-05,+2.040000E+00
+2.277000E-04,-1.200000E-03,+8.000000E-05,+2.000000E+00
+2.278000E-04,-1.200000E-03,-8.000000E-05,+2.000000E+00
+2.279000E-04,-1.400000E-03,-1.600000E-04,+2.040000E+00
+2.280000E-04,-1.400000E-03,-1.600000E-04,+2.000000E+00
+2.281000E-04,-1.600000E-03,+0.000000E+00,+2.040000E+00
+2.282000E-04,-1.600000E-03,+0.000000E+00,+2.040000E+00
+2.283000E-04,-1.600000E-03,-8.000000E-05,+2.000000E+00
+2.284000E-04,-1.600000E-03,-2.400000E-04,+2.040000E+00
+2.285000E-04,-1.600000E-03,-2.400000E-04,+2.040000E+00
+2.286000E-04,-1.600000E-03,-2.400000E-04,+2.000000E+00
+2.287000E-04,-1.800000E-03,-1.600000E-04,+2.040000E+00
+2.288000E-04,-1.800000E-03,-1.600000E-04,+2.040000E+00
+2.289000E-04,-1.800000E-03,-1.600000E-04,+2.040000E+00
+2.290000E-04,-1.800000E-03,-1.600000E-04,+2.040000E+00
+2.291000E-04,-2.000000E-03,-1.600000E-04,+2.040000E+00
+2.292000E-04,-1.600000E-03,-3.200000E-04,+2.040000E+00
+2.293000E-04,-1.800000E-03,-4.000000E-04,+2.040000E+00
+2.294000E-04,-1.800000E-03,-2.400000E-04,+2.000000E+00
+2.295000E-04,-2.000000E-03,-1.600000E-04,+2.040000E+00
+2.296000E-04,-1.800000E-03,-4.000000E-04,+2.040000E+00
+2.297000E-04,-1.800000E-03,-4.800000E-04,+2.000000E+00
+2.298000E-04,-1.800000E-03,-3.200000E-04,+2.000000E+00
+2.299000E-04,-2.000000E-03,-2.400000E-04,+2.040000E+00
+2.300000E-04,-1.800000E-03,-2.400000E-04,+2.040000E+00
+2.301000E-04,-1.800000E-03,-4.800000E-04,+2.040000E+00
+2.302000E-04,-1.800000E-03,-4.000000E-04,+2.040000E+00
+2.303000E-04,-2.000000E-03,-4.000000E-04,+2.040000E+00
+2.304000E-04,-1.800000E-03,-3.200000E-04,+2.040000E+00
+2.305000E-04,-1.800000E-03,-4.000000E-04,+2.040000E+00
+2.306000E-04,-1.800000E-03,-4.000000E-04,+2.040000E+00
+2.307000E-04,-1.800000E-03,-5.600000E-04,+2.040000E+00
+2.308000E-04,-1.800000E-03,-4.000000E-04,+2.000000E+00
+2.309000E-04,-1.800000E-03,-4.000000E-04,+2.000000E+00
+2.310000E-04,-1.600000E-03,-4.000000E-04,+2.040000E+00
+2.311000E-04,-1.600000E-03,-4.800000E-04,+2.040000E+00
+2.312000E-04,-1.600000E-03,-5.600000E-04,+2.040000E+00
+2.313000E-04,-1.600000E-03,-4.800000E-04,+2.040000E+00
+2.314000E-04,-1.400000E-03,-4.000000E-04,+2.040000E+00
+2.315000E-04,-1.400000E-03,-4.000000E-04,+2.040000E+00
+2.316000E-04,-1.600000E-03,-4.000000E-04,+2.040000E+00
+2.317000E-04,-1.400000E-03,-4.800000E-04,+2.040000E+00
+2.318000E-04,-1.400000E-03,-4.000000E-04,+2.040000E+00
+2.319000E-04,-1.400000E-03,-3.200000E-04,+2.040000E+00
+2.320000E-04,-1.400000E-03,-1.600000E-04,+2.040000E+00
+2.321000E-04,-1.400000E-03,-1.600000E-04,+2.040000E+00
+2.322000E-04,-9.999999E-04,-3.200000E-04,+2.040000E+00
+2.323000E-04,-9.999999E-04,-4.800000E-04,+2.000000E+00
+2.324000E-04,-1.200000E-03,-3.200000E-04,+2.000000E+00
+2.325000E-04,-9.999999E-04,-3.200000E-04,+2.040000E+00
+2.326000E-04,-9.999999E-04,-2.400000E-04,+2.000000E+00
+2.327000E-04,-9.999999E-04,-3.200000E-04,+2.040000E+00
+2.328000E-04,-8.000000E-04,-2.400000E-04,+2.040000E+00
+2.329000E-04,-8.000000E-04,-2.400000E-04,+2.000000E+00
+2.330000E-04,-6.000000E-04,-4.000000E-04,+2.040000E+00
+2.331000E-04,-4.000000E-04,-3.200000E-04,+2.040000E+00
+2.332000E-04,-4.000000E-04,-2.400000E-04,+2.000000E+00
+2.333000E-04,-4.000000E-04,-3.200000E-04,+2.040000E+00
+2.334000E-04,-4.000000E-04,-2.400000E-04,+2.040000E+00
+2.335000E-04,-2.000000E-04,-2.400000E-04,+2.040000E+00
+2.336000E-04,-2.000000E-04,-3.200000E-04,+2.040000E+00
+2.337000E-04,-2.000000E-04,-2.400000E-04,+2.040000E+00
+2.338000E-04,-2.000000E-04,-8.000000E-05,+2.040000E+00
+2.339000E-04,+0.000000E+00,-1.600000E-04,+2.040000E+00
+2.340000E-04,+0.000000E+00,-8.000000E-05,+2.000000E+00
+2.341000E-04,+0.000000E+00,-8.000000E-05,+2.040000E+00
+2.342000E-04,+0.000000E+00,-1.600000E-04,+2.040000E+00
+2.343000E-04,+2.000000E-04,-1.600000E-04,+2.040000E+00
+2.344000E-04,+4.000000E-04,-1.600000E-04,+2.000000E+00
+2.345000E-04,+4.000000E-04,-8.000000E-05,+2.040000E+00
+2.346000E-04,+4.000000E-04,-8.000000E-05,+2.040000E+00
+2.347000E-04,+4.000000E-04,-1.600000E-04,+2.040000E+00
+2.348000E-04,+6.000000E-04,-1.600000E-04,+2.040000E+00
+2.349000E-04,+6.000000E-04,-1.600000E-04,+2.040000E+00
+2.350000E-04,+6.000000E-04,-1.600000E-04,+2.040000E+00
+2.351000E-04,+8.000000E-04,-8.000000E-05,+2.040000E+00
+2.352000E-04,+8.000000E-04,-8.000000E-05,+2.040000E+00
+2.353000E-04,+8.000000E-04,-8.000000E-05,+2.040000E+00
+2.354000E-04,+8.000000E-04,-8.000000E-05,+2.040000E+00
+2.355000E-04,+9.999999E-04,-8.000000E-05,+2.040000E+00
+2.356000E-04,+9.999999E-04,-8.000000E-05,+2.040000E+00
+2.357000E-04,+9.999999E-04,+8.000000E-05,+2.040000E+00
+2.358000E-04,+1.200000E-03,+0.000000E+00,+2.040000E+00
+2.359000E-04,+1.200000E-03,+0.000000E+00,+2.040000E+00
+2.360000E-04,+1.200000E-03,+8.000000E-05,+2.000000E+00
+2.361000E-04,+1.200000E-03,+0.000000E+00,+2.040000E+00
+2.362000E-04,+1.200000E-03,-8.000000E-05,+2.000000E+00
+2.363000E-04,+1.200000E-03,+0.000000E+00,+2.040000E+00
+2.364000E-04,+1.400000E-03,+8.000000E-05,+2.040000E+00
+2.365000E-04,+1.400000E-03,+8.000000E-05,+2.040000E+00
+2.366000E-04,+1.400000E-03,-8.000000E-05,+2.040000E+00
+2.367000E-04,+1.400000E-03,-2.400000E-04,+2.040000E+00
+2.368000E-04,+1.600000E-03,-8.000000E-05,+2.040000E+00
+2.369000E-04,+1.400000E-03,+0.000000E+00,+2.040000E+00
+2.370000E-04,+1.400000E-03,+8.000000E-05,+2.040000E+00
+2.371000E-04,+1.400000E-03,+8.000000E-05,+2.040000E+00
+2.372000E-04,+1.600000E-03,-8.000000E-05,+2.040000E+00
+2.373000E-04,+1.600000E-03,-1.600000E-04,+2.000000E+00
+2.374000E-04,+1.600000E-03,-8.000000E-05,+2.000000E+00
+2.375000E-04,+1.600000E-03,+0.000000E+00,+2.040000E+00
+2.376000E-04,+1.600000E-03,+0.000000E+00,+2.040000E+00
+2.377000E-04,+1.600000E-03,-8.000000E-05,+2.040000E+00
+2.378000E-04,+1.600000E-03,-1.600000E-04,+2.040000E+00
+2.379000E-04,+1.600000E-03,-1.600000E-04,+2.040000E+00
+2.380000E-04,+1.600000E-03,-2.400000E-04,+2.040000E+00
+2.381000E-04,+1.600000E-03,-1.600000E-04,+2.000000E+00
+2.382000E-04,+1.600000E-03,-1.600000E-04,+2.040000E+00
+2.383000E-04,+1.600000E-03,-1.600000E-04,+2.000000E+00
+2.384000E-04,+1.400000E-03,-1.600000E-04,+2.040000E+00
+2.385000E-04,+1.400000E-03,-2.400000E-04,+2.000000E+00
+2.386000E-04,+1.600000E-03,-4.000000E-04,+2.040000E+00
+2.387000E-04,+1.400000E-03,-4.000000E-04,+2.000000E+00
+2.388000E-04,+1.400000E-03,-3.200000E-04,+2.040000E+00
+2.389000E-04,+1.400000E-03,-1.600000E-04,+2.040000E+00
+2.390000E-04,+1.400000E-03,-3.200000E-04,+2.000000E+00
+2.391000E-04,+1.400000E-03,-4.800000E-04,+2.040000E+00
+2.392000E-04,+1.400000E-03,-4.800000E-04,+2.000000E+00
+2.393000E-04,+1.200000E-03,-4.800000E-04,+2.040000E+00
+2.394000E-04,+1.200000E-03,-3.200000E-04,+2.000000E+00
+2.395000E-04,+1.200000E-03,-3.200000E-04,+2.000000E+00
+2.396000E-04,+1.200000E-03,-4.800000E-04,+2.040000E+00
+2.397000E-04,+1.200000E-03,-5.600000E-04,+2.040000E+00
+2.398000E-04,+1.200000E-03,-5.600000E-04,+2.040000E+00
+2.399000E-04,+9.999999E-04,-4.800000E-04,+2.040000E+00
+2.400000E-04,+8.000000E-04,-3.200000E-04,+2.040000E+00
+2.401000E-04,+8.000000E-04,-4.000000E-04,+2.000000E+00
+2.402000E-04,+8.000000E-04,-4.800000E-04,+2.000000E+00
+2.403000E-04,+9.999999E-04,-7.200000E-04,+2.040000E+00
+2.404000E-04,+8.000000E-04,-5.600000E-04,+2.040000E+00
+2.405000E-04,+6.000000E-04,-5.600000E-04,+2.040000E+00
+2.406000E-04,+6.000000E-04,-4.000000E-04,+2.000000E+00
+2.407000E-04,+6.000000E-04,-5.600000E-04,+2.040000E+00
+2.408000E-04,+4.000000E-04,-7.200000E-04,+2.040000E+00
+2.409000E-04,+6.000000E-04,-8.000000E-04,+2.040000E+00
+2.410000E-04,+6.000000E-04,-8.799999E-04,+2.000000E+00
+2.411000E-04,+4.000000E-04,-7.200000E-04,+2.040000E+00
+2.412000E-04,+2.000000E-04,-6.400000E-04,+2.040000E+00
+2.413000E-04,+2.000000E-04,-7.200000E-04,+2.040000E+00
+2.414000E-04,+4.000000E-04,-8.000000E-04,+2.040000E+00
+2.415000E-04,+4.000000E-04,-7.200000E-04,+2.040000E+00
+2.416000E-04,+0.000000E+00,-8.000000E-04,+2.040000E+00
+2.417000E-04,+0.000000E+00,-6.400000E-04,+2.000000E+00
+2.418000E-04,+0.000000E+00,-7.200000E-04,+2.000000E+00
+2.419000E-04,+0.000000E+00,-8.000000E-04,+2.000000E+00
+2.420000E-04,+0.000000E+00,-8.799999E-04,+2.040000E+00
+2.421000E-04,-2.000000E-04,-8.000000E-04,+2.040000E+00
+2.422000E-04,-2.000000E-04,-8.000000E-04,+2.000000E+00
+2.423000E-04,-4.000000E-04,-7.200000E-04,+2.040000E+00
+2.424000E-04,-6.000000E-04,-7.200000E-04,+2.040000E+00
+2.425000E-04,-6.000000E-04,-8.799999E-04,+2.040000E+00
+2.426000E-04,-4.000000E-04,-8.799999E-04,+2.040000E+00
+2.427000E-04,-6.000000E-04,-8.799999E-04,+2.040000E+00
+2.428000E-04,-8.000000E-04,-8.799999E-04,+2.040000E+00
+2.429000E-04,-8.000000E-04,-8.799999E-04,+2.000000E+00
+2.430000E-04,-8.000000E-04,-8.799999E-04,+2.040000E+00
+2.431000E-04,-8.000000E-04,-8.799999E-04,+2.000000E+00
+2.432000E-04,-8.000000E-04,-7.200000E-04,+2.000000E+00
+2.433000E-04,-9.999999E-04,-8.000000E-04,+2.040000E+00
+2.434000E-04,-8.000000E-04,-9.600000E-04,+2.040000E+00
+2.435000E-04,-9.999999E-04,-9.600000E-04,+2.000000E+00
+2.436000E-04,-9.999999E-04,-8.000000E-04,+2.040000E+00
+2.437000E-04,-1.200000E-03,-7.200000E-04,+2.040000E+00
+2.438000E-04,-9.999999E-04,-7.200000E-04,+2.040000E+00
+2.439000E-04,-1.200000E-03,-7.200000E-04,+2.040000E+00
+2.440000E-04,-1.200000E-03,-7.200000E-04,+2.000000E+00
+2.441000E-04,-1.400000E-03,-7.200000E-04,+2.040000E+00
+2.442000E-04,-1.400000E-03,-6.400000E-04,+2.000000E+00
+2.443000E-04,-1.400000E-03,-5.600000E-04,+2.000000E+00
+2.444000E-04,-1.400000E-03,-7.200000E-04,+2.040000E+00
+2.445000E-04,-1.400000E-03,-6.400000E-04,+2.000000E+00
+2.446000E-04,-1.400000E-03,-6.400000E-04,+2.040000E+00
+2.447000E-04,-1.400000E-03,-7.200000E-04,+2.040000E+00
+2.448000E-04,-1.400000E-03,-8.000000E-04,+2.040000E+00
+2.449000E-04,-1.400000E-03,-8.000000E-04,+2.040000E+00
+2.450000E-04,-1.400000E-03,-6.400000E-04,+2.040000E+00
+2.451000E-04,-1.600000E-03,-4.800000E-04,+2.040000E+00
+2.452000E-04,-1.600000E-03,-4.800000E-04,+2.040000E+00
+2.453000E-04,-1.600000E-03,-4.800000E-04,+2.000000E+00
+2.454000E-04,-1.400000E-03,-5.600000E-04,+2.040000E+00
+2.455000E-04,-1.400000E-03,-4.800000E-04,+2.040000E+00
+2.456000E-04,-1.400000E-03,-4.800000E-04,+2.000000E+00
+2.457000E-04,-1.600000E-03,-3.200000E-04,+2.040000E+00
+2.458000E-04,-1.600000E-03,-1.600000E-04,+2.040000E+00
+2.459000E-04,-1.600000E-03,-2.400000E-04,+2.040000E+00
+2.460000E-04,-1.400000E-03,-3.200000E-04,+2.040000E+00
+2.461000E-04,-1.600000E-03,-3.200000E-04,+2.040000E+00
+2.462000E-04,-1.600000E-03,-3.200000E-04,+2.040000E+00
+2.463000E-04,-1.600000E-03,-2.400000E-04,+2.000000E+00
+2.464000E-04,-1.600000E-03,-1.600000E-04,+2.040000E+00
+2.465000E-04,-1.600000E-03,-1.600000E-04,+2.040000E+00
+2.466000E-04,-1.600000E-03,-8.000000E-05,+2.040000E+00
+2.467000E-04,-1.400000E-03,-3.200000E-04,+2.040000E+00
+2.468000E-04,-1.400000E-03,-1.600000E-04,+2.040000E+00
+2.469000E-04,-1.400000E-03,+0.000000E+00,+2.040000E+00
+2.470000E-04,-1.600000E-03,+0.000000E+00,+2.000000E+00
+2.471000E-04,-1.400000E-03,+0.000000E+00,+2.000000E+00
+2.472000E-04,-1.200000E-03,+8.000000E-05,+2.040000E+00
+2.473000E-04,-1.200000E-03,+8.000000E-05,+2.000000E+00
+2.474000E-04,-1.200000E-03,+2.400000E-04,+2.040000E+00
+2.475000E-04,-1.200000E-03,+2.400000E-04,+2.000000E+00
+2.476000E-04,-9.999999E-04,+1.600000E-04,+2.040000E+00
+2.477000E-04,-9.999999E-04,+1.600000E-04,+2.000000E+00
+2.478000E-04,-1.200000E-03,+4.000000E-04,+2.040000E+00
+2.479000E-04,-1.200000E-03,+4.000000E-04,+2.000000E+00
+2.480000E-04,-1.200000E-03,+4.800000E-04,+2.040000E+00
+2.481000E-04,-9.999999E-04,+4.800000E-04,+2.040000E+00
+2.482000E-04,-9.999999E-04,+4.000000E-04,+2.000000E+00
+2.483000E-04,-9.999999E-04,+4.000000E-04,+2.040000E+00
+2.484000E-04,-9.999999E-04,+4.800000E-04,+2.040000E+00
+2.485000E-04,-9.999999E-04,+4.800000E-04,+2.000000E+00
+2.486000E-04,-8.000000E-04,+6.400000E-04,+2.040000E+00
+2.487000E-04,-8.000000E-04,+4.800000E-04,+2.040000E+00
+2.488000E-04,-6.000000E-04,+4.000000E-04,+2.040000E+00
+2.489000E-04,-4.000000E-04,+4.000000E-04,+2.000000E+00
+2.490000E-04,-6.000000E-04,+5.600000E-04,+2.000000E+00
+2.491000E-04,-6.000000E-04,+6.400000E-04,+2.040000E+00
+2.492000E-04,-6.000000E-04,+7.200000E-04,+2.000000E+00
+2.493000E-04,-2.000000E-04,+6.400000E-04,+2.040000E+00
+2.494000E-04,-2.000000E-04,+7.200000E-04,+2.040000E+00
+2.495000E-04,-2.000000E-04,+7.200000E-04,+2.040000E+00
+2.496000E-04,-2.000000E-04,+8.000000E-04,+2.040000E+00
+2.497000E-04,-2.000000E-04,+8.000000E-04,+2.040000E+00
+2.498000E-04,-2.000000E-04,+9.600000E-04,+2.000000E+00
+2.499000E-04,+0.000000E+00,+9.600000E-04,+2.040000E+00
+2.500000E-04,+0.000000E+00,+8.000000E-04,+2.040000E+00
+2.501000E-04,+2.000000E-04,+7.200000E-04,+2.000000E+00
+2.502000E-04,+0.000000E+00,+7.200000E-04,+2.000000E+00
+2.503000E-04,+0.000000E+00,+8.799999E-04,+2.000000E+00
+2.504000E-04,+0.000000E+00,+7.200000E-04,+2.040000E+00
+2.505000E-04,+2.000000E-04,+7.200000E-04,+2.040000E+00
+2.506000E-04,+2.000000E-04,+7.200000E-04,+2.000000E+00
+2.507000E-04,+2.000000E-04,+7.200000E-04,+2.000000E+00
+2.508000E-04,+2.000000E-04,+6.400000E-04,+2.000000E+00
+2.509000E-04,+4.000000E-04,+7.200000E-04,+2.040000E+00
+2.510000E-04,+4.000000E-04,+6.400000E-04,+2.000000E+00
+2.511000E-04,+4.000000E-04,+8.000000E-04,+2.040000E+00
+2.512000E-04,+4.000000E-04,+6.400000E-04,+2.040000E+00
+2.513000E-04,+6.000000E-04,+6.400000E-04,+2.040000E+00
+2.514000E-04,+6.000000E-04,+6.400000E-04,+2.000000E+00
+2.515000E-04,+6.000000E-04,+7.200000E-04,+2.040000E+00
+2.516000E-04,+6.000000E-04,+6.400000E-04,+2.000000E+00
+2.517000E-04,+6.000000E-04,+5.600000E-04,+2.000000E+00
+2.518000E-04,+8.000000E-04,+4.800000E-04,+2.040000E+00
+2.519000E-04,+8.000000E-04,+6.400000E-04,+2.000000E+00
+2.520000E-04,+6.000000E-04,+5.600000E-04,+2.040000E+00
+2.521000E-04,+6.000000E-04,+7.200000E-04,+2.000000E+00
+2.522000E-04,+6.000000E-04,+6.400000E-04,+2.000000E+00
+2.523000E-04,+8.000000E-04,+5.600000E-04,+2.000000E+00
+2.524000E-04,+8.000000E-04,+4.800000E-04,+2.040000E+00
+2.525000E-04,+8.000000E-04,+4.800000E-04,+2.000000E+00
+2.526000E-04,+8.000000E-04,+4.000000E-04,+2.040000E+00
+2.527000E-04,+8.000000E-04,+4.800000E-04,+2.040000E+00
+2.528000E-04,+8.000000E-04,+4.000000E-04,+2.000000E+00
+2.529000E-04,+9.999999E-04,+3.200000E-04,+2.000000E+00
+2.530000E-04,+9.999999E-04,+1.600000E-04,+2.040000E+00
+2.531000E-04,+9.999999E-04,+1.600000E-04,+2.040000E+00
+2.532000E-04,+9.999999E-04,+2.400000E-04,+2.040000E+00
+2.533000E-04,+9.999999E-04,+8.000000E-05,+2.000000E+00
+2.534000E-04,+9.999999E-04,+8.000000E-05,+2.040000E+00
+2.535000E-04,+9.999999E-04,+1.600000E-04,+2.040000E+00
+2.536000E-04,+9.999999E-04,+0.000000E+00,+2.040000E+00
+2.537000E-04,+8.000000E-04,-8.000000E-05,+2.040000E+00
+2.538000E-04,+9.999999E-04,-1.600000E-04,+2.040000E+00
+2.539000E-04,+8.000000E-04,+8.000000E-05,+2.000000E+00
+2.540000E-04,+8.000000E-04,+8.000000E-05,+2.040000E+00
+2.541000E-04,+8.000000E-04,-8.000000E-05,+2.040000E+00
+2.542000E-04,+9.999999E-04,-3.200000E-04,+2.000000E+00
+2.543000E-04,+9.999999E-04,-4.800000E-04,+2.040000E+00
+2.544000E-04,+9.999999E-04,-4.000000E-04,+2.040000E+00
+2.545000E-04,+8.000000E-04,-2.400000E-04,+2.000000E+00
+2.546000E-04,+8.000000E-04,-3.200000E-04,+2.040000E+00
+2.547000E-04,+9.999999E-04,-5.600000E-04,+2.000000E+00
+2.548000E-04,+9.999999E-04,-7.200000E-04,+2.040000E+00
+2.549000E-04,+8.000000E-04,-5.600000E-04,+2.040000E+00
+2.550000E-04,+8.000000E-04,-5.600000E-04,+2.040000E+00
+2.551000E-04,+8.000000E-04,-5.600000E-04,+2.040000E+00
+2.552000E-04,+8.000000E-04,-7.200000E-04,+2.040000E+00
+2.553000E-04,+6.000000E-04,-8.000000E-04,+2.040000E+00
+2.554000E-04,+8.000000E-04,-8.000000E-04,+2.040000E+00
+2.555000E-04,+8.000000E-04,-8.000000E-04,+2.040000E+00
+2.556000E-04,+8.000000E-04,-8.000000E-04,+2.000000E+00
+2.557000E-04,+6.000000E-04,-7.200000E-04,+2.040000E+00
+2.558000E-04,+6.000000E-04,-8.799999E-04,+2.040000E+00
+2.559000E-04,+6.000000E-04,-9.600000E-04,+2.040000E+00
+2.560000E-04,+6.000000E-04,-1.040000E-03,+2.000000E+00
+2.561000E-04,+6.000000E-04,-1.040000E-03,+2.040000E+00
+2.562000E-04,+6.000000E-04,-1.200000E-03,+2.040000E+00
+2.563000E-04,+4.000000E-04,-1.120000E-03,+2.000000E+00
+2.564000E-04,+2.000000E-04,-1.040000E-03,+2.040000E+00
+2.565000E-04,+4.000000E-04,-1.120000E-03,+2.040000E+00
+2.566000E-04,+4.000000E-04,-1.280000E-03,+2.040000E+00
+2.567000E-04,+4.000000E-04,-1.440000E-03,+2.040000E+00
+2.568000E-04,+2.000000E-04,-1.280000E-03,+2.000000E+00
+2.569000E-04,+2.000000E-04,-1.360000E-03,+2.000000E+00
+2.570000E-04,+2.000000E-04,-1.360000E-03,+2.040000E+00
+2.571000E-04,+2.000000E-04,-1.520000E-03,+2.040000E+00
+2.572000E-04,+2.000000E-04,-1.440000E-03,+2.000000E+00
+2.573000E-04,+2.000000E-04,-1.440000E-03,+2.040000E+00
+2.574000E-04,+0.000000E+00,-1.440000E-03,+2.040000E+00
+2.575000E-04,+0.000000E+00,-1.520000E-03,+2.040000E+00
+2.576000E-04,+0.000000E+00,-1.520000E-03,+2.040000E+00
+2.577000E-04,+0.000000E+00,-1.680000E-03,+2.040000E+00
+2.578000E-04,+0.000000E+00,-1.600000E-03,+2.040000E+00
+2.579000E-04,-2.000000E-04,-1.600000E-03,+2.000000E+00
+2.580000E-04,-2.000000E-04,-1.520000E-03,+2.040000E+00
+2.581000E-04,-2.000000E-04,-1.520000E-03,+2.040000E+00
+2.582000E-04,-2.000000E-04,-1.680000E-03,+2.040000E+00
+2.583000E-04,-2.000000E-04,-1.600000E-03,+2.000000E+00
+2.584000E-04,-2.000000E-04,-1.600000E-03,+2.040000E+00
+2.585000E-04,-4.000000E-04,-1.520000E-03,+2.040000E+00
+2.586000E-04,-4.000000E-04,-1.440000E-03,+2.000000E+00
+2.587000E-04,-4.000000E-04,-1.600000E-03,+2.040000E+00
+2.588000E-04,-2.000000E-04,-1.520000E-03,+2.000000E+00
+2.589000E-04,-2.000000E-04,-1.600000E-03,+2.000000E+00
+2.590000E-04,-2.000000E-04,-1.520000E-03,+2.000000E+00
+2.591000E-04,-4.000000E-04,-1.520000E-03,+2.000000E+00
+2.592000E-04,-4.000000E-04,-1.520000E-03,+2.040000E+00
+2.593000E-04,-4.000000E-04,-1.440000E-03,+2.040000E+00
+2.594000E-04,-4.000000E-04,-1.520000E-03,+2.000000E+00
+2.595000E-04,-4.000000E-04,-1.600000E-03,+2.000000E+00
+2.596000E-04,-6.000000E-04,-1.520000E-03,+2.040000E+00
+2.597000E-04,-6.000000E-04,-1.280000E-03,+2.040000E+00
+2.598000E-04,-8.000000E-04,-1.120000E-03,+2.000000E+00
+2.599000E-04,-6.000000E-04,-1.280000E-03,+2.040000E+00
+2.600000E-04,-6.000000E-04,-1.360000E-03,+2.000000E+00
+2.601000E-04,-4.000000E-04,-1.280000E-03,+2.000000E+00
+2.602000E-04,-6.000000E-04,-1.360000E-03,+2.040000E+00
+2.603000E-04,-6.000000E-04,-1.200000E-03,+2.040000E+00
+2.604000E-04,-8.000000E-04,-1.120000E-03,+2.040000E+00
+2.605000E-04,-8.000000E-04,-1.120000E-03,+2.040000E+00
+2.606000E-04,-6.000000E-04,-1.040000E-03,+2.040000E+00
+2.607000E-04,-8.000000E-04,-1.040000E-03,+2.040000E+00
+2.608000E-04,-8.000000E-04,-1.040000E-03,+2.040000E+00
+2.609000E-04,-8.000000E-04,-8.799999E-04,+2.040000E+00
+2.610000E-04,-8.000000E-04,-8.000000E-04,+2.040000E+00
+2.611000E-04,-6.000000E-04,-7.200000E-04,+2.000000E+00
+2.612000E-04,-6.000000E-04,-8.000000E-04,+2.000000E+00
+2.613000E-04,-6.000000E-04,-7.200000E-04,+2.000000E+00
+2.614000E-04,-8.000000E-04,-5.600000E-04,+2.040000E+00
+2.615000E-04,-6.000000E-04,-5.600000E-04,+2.040000E+00
+2.616000E-04,-6.000000E-04,-4.800000E-04,+2.040000E+00
+2.617000E-04,-6.000000E-04,-4.000000E-04,+2.000000E+00
+2.618000E-04,-6.000000E-04,-4.000000E-04,+2.040000E+00
+2.619000E-04,-6.000000E-04,-3.200000E-04,+2.000000E+00
+2.620000E-04,-6.000000E-04,-3.200000E-04,+2.040000E+00
+2.621000E-04,-6.000000E-04,-2.400000E-04,+2.040000E+00
+2.622000E-04,-8.000000E-04,-1.600000E-04,+2.040000E+00
+2.623000E-04,-8.000000E-04,+0.000000E+00,+2.040000E+00
+2.624000E-04,-6.000000E-04,-8.000000E-05,+2.000000E+00
+2.625000E-04,-6.000000E-04,-1.600000E-04,+2.000000E+00
+2.626000E-04,-6.000000E-04,+0.000000E+00,+2.040000E+00
+2.627000E-04,-6.000000E-04,+0.000000E+00,+2.040000E+00
+2.628000E-04,-6.000000E-04,+1.600000E-04,+2.000000E+00
+2.629000E-04,-6.000000E-04,+2.400000E-04,+2.000000E+00
+2.630000E-04,-6.000000E-04,+2.400000E-04,+2.040000E+00
+2.631000E-04,-4.000000E-04,+8.000000E-05,+2.040000E+00
+2.632000E-04,-6.000000E-04,+1.600000E-04,+2.040000E+00
+2.633000E-04,-6.000000E-04,+3.200000E-04,+2.000000E+00
+2.634000E-04,-6.000000E-04,+4.800000E-04,+2.040000E+00
+2.635000E-04,-6.000000E-04,+5.600000E-04,+2.040000E+00
+2.636000E-04,-6.000000E-04,+4.800000E-04,+2.040000E+00
+2.637000E-04,-4.000000E-04,+4.000000E-04,+2.040000E+00
+2.638000E-04,-4.000000E-04,+4.800000E-04,+2.040000E+00
+2.639000E-04,-4.000000E-04,+6.400000E-04,+2.040000E+00
+2.640000E-04,-6.000000E-04,+8.000000E-04,+2.040000E+00
+2.641000E-04,-4.000000E-04,+7.200000E-04,+2.040000E+00
+2.642000E-04,-4.000000E-04,+7.200000E-04,+2.040000E+00
+2.643000E-04,-4.000000E-04,+6.400000E-04,+2.000000E+00
+2.644000E-04,-4.000000E-04,+8.799999E-04,+2.040000E+00
+2.645000E-04,-4.000000E-04,+9.600000E-04,+2.000000E+00
+2.646000E-04,-4.000000E-04,+8.000000E-04,+2.000000E+00
+2.647000E-04,-4.000000E-04,+9.600000E-04,+2.000000E+00
+2.648000E-04,-4.000000E-04,+8.799999E-04,+2.000000E+00
+2.649000E-04,-2.000000E-04,+8.799999E-04,+2.040000E+00
+2.650000E-04,-2.000000E-04,+9.600000E-04,+2.040000E+00
+2.651000E-04,-4.000000E-04,+1.120000E-03,+2.040000E+00
+2.652000E-04,-2.000000E-04,+1.120000E-03,+2.040000E+00
+2.653000E-04,-2.000000E-04,+1.120000E-03,+2.000000E+00
+2.654000E-04,-2.000000E-04,+1.120000E-03,+2.000000E+00
+2.655000E-04,-2.000000E-04,+1.200000E-03,+2.000000E+00
+2.656000E-04,-2.000000E-04,+1.120000E-03,+2.040000E+00
+2.657000E-04,-2.000000E-04,+1.200000E-03,+2.040000E+00
+2.658000E-04,-2.000000E-04,+1.040000E-03,+2.040000E+00
+2.659000E-04,+0.000000E+00,+1.200000E-03,+2.040000E+00
+2.660000E-04,+0.000000E+00,+1.120000E-03,+2.000000E+00
+2.661000E-04,+0.000000E+00,+1.120000E-03,+2.040000E+00
+2.662000E-04,-2.000000E-04,+1.120000E-03,+2.000000E+00
+2.663000E-04,-2.000000E-04,+1.280000E-03,+2.000000E+00
+2.664000E-04,-2.000000E-04,+1.120000E-03,+2.000000E+00
+2.665000E-04,+0.000000E+00,+1.200000E-03,+2.040000E+00
+2.666000E-04,+0.000000E+00,+1.120000E-03,+2.040000E+00
+2.667000E-04,+0.000000E+00,+1.280000E-03,+2.000000E+00
+2.668000E-04,+0.000000E+00,+1.280000E-03,+2.040000E+00
+2.669000E-04,+0.000000E+00,+1.200000E-03,+2.000000E+00
+2.670000E-04,+0.000000E+00,+1.040000E-03,+2.040000E+00
+2.671000E-04,+2.000000E-04,+1.120000E-03,+2.040000E+00
+2.672000E-04,+2.000000E-04,+1.040000E-03,+2.040000E+00
+2.673000E-04,+0.000000E+00,+1.200000E-03,+2.000000E+00
+2.674000E-04,+2.000000E-04,+1.120000E-03,+2.040000E+00
+2.675000E-04,+2.000000E-04,+1.120000E-03,+2.040000E+00
+2.676000E-04,+2.000000E-04,+8.799999E-04,+2.040000E+00
+2.677000E-04,+0.000000E+00,+8.799999E-04,+2.040000E+00
+2.678000E-04,+0.000000E+00,+1.040000E-03,+2.040000E+00
+2.679000E-04,+0.000000E+00,+1.040000E-03,+2.040000E+00
+2.680000E-04,+2.000000E-04,+9.600000E-04,+2.040000E+00
+2.681000E-04,+0.000000E+00,+7.200000E-04,+2.040000E+00
+2.682000E-04,+0.000000E+00,+7.200000E-04,+2.040000E+00
+2.683000E-04,+0.000000E+00,+8.000000E-04,+2.000000E+00
+2.684000E-04,+2.000000E-04,+7.200000E-04,+2.040000E+00
+2.685000E-04,+0.000000E+00,+7.200000E-04,+2.040000E+00
+2.686000E-04,+2.000000E-04,+6.400000E-04,+2.000000E+00
+2.687000E-04,+0.000000E+00,+5.600000E-04,+2.040000E+00
+2.688000E-04,+2.000000E-04,+5.600000E-04,+2.040000E+00
+2.689000E-04,+0.000000E+00,+4.800000E-04,+2.040000E+00
+2.690000E-04,+2.000000E-04,+4.000000E-04,+2.040000E+00
+2.691000E-04,+2.000000E-04,+4.800000E-04,+2.040000E+00
+2.692000E-04,+2.000000E-04,+3.200000E-04,+2.040000E+00
+2.693000E-04,+0.000000E+00,+3.200000E-04,+2.040000E+00
+2.694000E-04,+0.000000E+00,+3.200000E-04,+2.040000E+00
+2.695000E-04,+0.000000E+00,+2.400000E-04,+2.040000E+00
+2.696000E-04,+2.000000E-04,+1.600000E-04,+2.040000E+00
+2.697000E-04,+0.000000E+00,+0.000000E+00,+2.000000E+00
+2.698000E-04,+0.000000E+00,+0.000000E+00,+2.000000E+00
+2.699000E-04,+0.000000E+00,-8.000000E-05,+2.040000E+00
+2.700000E-04,+0.000000E+00,+8.000000E-05,+2.040000E+00
+2.701000E-04,-2.000000E-04,-8.000000E-05,+2.040000E+00
+2.702000E-04,+0.000000E+00,-1.600000E-04,+2.040000E+00
+2.703000E-04,+2.000000E-04,-3.200000E-04,+2.040000E+00
+2.704000E-04,+0.000000E+00,-2.400000E-04,+2.040000E+00
+2.705000E-04,+0.000000E+00,-4.800000E-04,+2.040000E+00
+2.706000E-04,+0.000000E+00,-4.000000E-04,+2.040000E+00
+2.707000E-04,+0.000000E+00,-5.600000E-04,+2.040000E+00
+2.708000E-04,+0.000000E+00,-4.800000E-04,+2.040000E+00
+2.709000E-04,+0.000000E+00,-4.800000E-04,+2.040000E+00
+2.710000E-04,+0.000000E+00,-6.400000E-04,+2.000000E+00
+2.711000E-04,+0.000000E+00,-8.000000E-04,+2.040000E+00
+2.712000E-04,+0.000000E+00,-8.799999E-04,+2.000000E+00
+2.713000E-04,+0.000000E+00,-8.000000E-04,+2.040000E+00
+2.714000E-04,-2.000000E-04,-6.400000E-04,+2.040000E+00
+2.715000E-04,-2.000000E-04,-8.000000E-04,+2.000000E+00
+2.716000E-04,+0.000000E+00,-8.799999E-04,+2.040000E+00
+2.717000E-04,+0.000000E+00,-1.120000E-03,+2.000000E+00
+2.718000E-04,+0.000000E+00,-1.120000E-03,+2.000000E+00
+2.719000E-04,+0.000000E+00,-1.120000E-03,+2.040000E+00
+2.720000E-04,-2.000000E-04,-1.120000E-03,+2.040000E+00
+2.721000E-04,+0.000000E+00,-1.280000E-03,+2.040000E+00
+2.722000E-04,+0.000000E+00,-1.280000E-03,+2.040000E+00
+2.723000E-04,-2.000000E-04,-1.360000E-03,+2.040000E+00
+2.724000E-04,-2.000000E-04,-1.200000E-03,+2.040000E+00
+2.725000E-04,-2.000000E-04,-1.360000E-03,+2.040000E+00
+2.726000E-04,-2.000000E-04,-1.440000E-03,+2.000000E+00
+2.727000E-04,-2.000000E-04,-1.440000E-03,+2.000000E+00
+2.728000E-04,-2.000000E-04,-1.360000E-03,+2.040000E+00
+2.729000E-04,+0.000000E+00,-1.360000E-03,+2.040000E+00
+2.730000E-04,-2.000000E-04,-1.520000E-03,+2.000000E+00
+2.731000E-04,+0.000000E+00,-1.600000E-03,+2.040000E+00
+2.732000E-04,-2.000000E-04,-1.680000E-03,+2.040000E+00
+2.733000E-04,-2.000000E-04,-1.520000E-03,+2.040000E+00
+2.734000E-04,-2.000000E-04,-1.440000E-03,+2.040000E+00
+2.735000E-04,-4.000000E-04,-1.360000E-03,+2.040000E+00
+2.736000E-04,-4.000000E-04,-1.520000E-03,+2.040000E+00
+2.737000E-04,+0.000000E+00,-1.600000E-03,+2.000000E+00
+2.738000E-04,-2.000000E-04,-1.840000E-03,+2.040000E+00
+2.739000E-04,+0.000000E+00,-1.680000E-03,+2.040000E+00
+2.740000E-04,-2.000000E-04,-1.520000E-03,+2.000000E+00
+2.741000E-04,-2.000000E-04,-1.520000E-03,+2.040000E+00
+2.742000E-04,+0.000000E+00,-1.600000E-03,+2.040000E+00
+2.743000E-04,+0.000000E+00,-1.680000E-03,+2.000000E+00
+2.744000E-04,+0.000000E+00,-1.760000E-03,+2.040000E+00
+2.745000E-04,+0.000000E+00,-1.680000E-03,+2.040000E+00
+2.746000E-04,+0.000000E+00,-1.520000E-03,+2.040000E+00
+2.747000E-04,-2.000000E-04,-1.520000E-03,+2.000000E+00
+2.748000E-04,+0.000000E+00,-1.600000E-03,+2.040000E+00
+2.749000E-04,+0.000000E+00,-1.680000E-03,+2.040000E+00
+2.750000E-04,+0.000000E+00,-1.760000E-03,+2.040000E+00
+2.751000E-04,+0.000000E+00,-1.600000E-03,+2.040000E+00
+2.752000E-04,-2.000000E-04,-1.440000E-03,+2.000000E+00
+2.753000E-04,-2.000000E-04,-1.360000E-03,+2.040000E+00
+2.754000E-04,+0.000000E+00,-1.360000E-03,+2.040000E+00
+2.755000E-04,-2.000000E-04,-1.440000E-03,+2.040000E+00
+2.756000E-04,+0.000000E+00,-1.520000E-03,+2.000000E+00
+2.757000E-04,+0.000000E+00,-1.360000E-03,+2.000000E+00
+2.758000E-04,+0.000000E+00,-1.360000E-03,+2.040000E+00
+2.759000E-04,+0.000000E+00,-1.360000E-03,+2.040000E+00
+2.760000E-04,+0.000000E+00,-1.360000E-03,+2.040000E+00
+2.761000E-04,+0.000000E+00,-1.280000E-03,+2.040000E+00
+2.762000E-04,+0.000000E+00,-1.280000E-03,+2.040000E+00
+2.763000E-04,+0.000000E+00,-1.200000E-03,+2.000000E+00
+2.764000E-04,+0.000000E+00,-1.200000E-03,+2.040000E+00
+2.765000E-04,+0.000000E+00,-1.200000E-03,+2.040000E+00
+2.766000E-04,+2.000000E-04,-1.200000E-03,+2.000000E+00
+2.767000E-04,+2.000000E-04,-1.040000E-03,+2.040000E+00
+2.768000E-04,+0.000000E+00,-9.600000E-04,+2.040000E+00
+2.769000E-04,+0.000000E+00,-8.799999E-04,+2.040000E+00
+2.770000E-04,+2.000000E-04,-8.000000E-04,+2.040000E+00
+2.771000E-04,+2.000000E-04,-8.799999E-04,+2.040000E+00
+2.772000E-04,+2.000000E-04,-1.040000E-03,+2.040000E+00
+2.773000E-04,+2.000000E-04,-7.200000E-04,+2.040000E+00
+2.774000E-04,+0.000000E+00,-5.600000E-04,+2.040000E+00
+2.775000E-04,+0.000000E+00,-5.600000E-04,+2.040000E+00
+2.776000E-04,+0.000000E+00,-6.400000E-04,+2.040000E+00
+2.777000E-04,+2.000000E-04,-6.400000E-04,+2.040000E+00
+2.778000E-04,+2.000000E-04,-6.400000E-04,+2.040000E+00
+2.779000E-04,+0.000000E+00,-4.000000E-04,+2.040000E+00
+2.780000E-04,+2.000000E-04,-3.200000E-04,+2.040000E+00
+2.781000E-04,+0.000000E+00,-4.000000E-04,+2.040000E+00
+2.782000E-04,+2.000000E-04,-4.000000E-04,+2.040000E+00
+2.783000E-04,+0.000000E+00,-1.600000E-04,+2.040000E+00
+2.784000E-04,+0.000000E+00,+0.000000E+00,+2.040000E+00
+2.785000E-04,+0.000000E+00,-8.000000E-05,+2.040000E+00
+2.786000E-04,+2.000000E-04,-1.600000E-04,+2.000000E+00
+2.787000E-04,+2.000000E-04,-2.400000E-04,+2.040000E+00
+2.788000E-04,+4.000000E-04,+0.000000E+00,+2.040000E+00
+2.789000E-04,+2.000000E-04,+8.000000E-05,+2.000000E+00
+2.790000E-04,+2.000000E-04,+3.200000E-04,+2.040000E+00
+2.791000E-04,+4.000000E-04,+1.600000E-04,+2.040000E+00
+2.792000E-04,+4.000000E-04,+8.000000E-05,+2.000000E+00
+2.793000E-04,+2.000000E-04,+8.000000E-05,+2.000000E+00
+2.794000E-04,+2.000000E-04,+3.200000E-04,+2.000000E+00
+2.795000E-04,+2.000000E-04,+5.600000E-04,+2.040000E+00
+2.796000E-04,+2.000000E-04,+5.600000E-04,+2.040000E+00
+2.797000E-04,+2.000000E-04,+5.600000E-04,+2.040000E+00
+2.798000E-04,+2.000000E-04,+5.600000E-04,+2.040000E+00
+2.799000E-04,+4.000000E-04,+5.600000E-04,+2.040000E+00
+2.800000E-04,+4.000000E-04,+5.600000E-04,+2.000000E+00
+2.801000E-04,+2.000000E-04,+6.400000E-04,+2.000000E+00
+2.802000E-04,+2.000000E-04,+8.000000E-04,+2.040000E+00
+2.803000E-04,+2.000000E-04,+7.200000E-04,+2.040000E+00
+2.804000E-04,+4.000000E-04,+7.200000E-04,+2.000000E+00
+2.805000E-04,+2.000000E-04,+5.600000E-04,+2.040000E+00
+2.806000E-04,+2.000000E-04,+8.000000E-04,+2.000000E+00
+2.807000E-04,+2.000000E-04,+8.000000E-04,+2.040000E+00
+2.808000E-04,+2.000000E-04,+8.000000E-04,+2.040000E+00
+2.809000E-04,+2.000000E-04,+7.200000E-04,+2.000000E+00
+2.810000E-04,+0.000000E+00,+7.200000E-04,+2.040000E+00
+2.811000E-04,+2.000000E-04,+8.799999E-04,+2.040000E+00
+2.812000E-04,+0.000000E+00,+9.600000E-04,+2.000000E+00
+2.813000E-04,+0.000000E+00,+9.600000E-04,+2.000000E+00
+2.814000E-04,+0.000000E+00,+9.600000E-04,+2.000000E+00
+2.815000E-04,+2.000000E-04,+9.600000E-04,+2.040000E+00
+2.816000E-04,+0.000000E+00,+1.040000E-03,+2.040000E+00
+2.817000E-04,+0.000000E+00,+1.040000E-03,+2.000000E+00
+2.818000E-04,+0.000000E+00,+1.040000E-03,+2.000000E+00
+2.819000E-04,+0.000000E+00,+9.600000E-04,+2.040000E+00
+2.820000E-04,+0.000000E+00,+1.040000E-03,+2.040000E+00
+2.821000E-04,+0.000000E+00,+1.040000E-03,+2.040000E+00
+2.822000E-04,-2.000000E-04,+1.120000E-03,+2.040000E+00
+2.823000E-04,+0.000000E+00,+1.040000E-03,+2.040000E+00
+2.824000E-04,+0.000000E+00,+8.799999E-04,+2.040000E+00
+2.825000E-04,+0.000000E+00,+8.799999E-04,+2.040000E+00
+2.826000E-04,-2.000000E-04,+1.040000E-03,+2.040000E+00
+2.827000E-04,-2.000000E-04,+1.040000E-03,+2.040000E+00
+2.828000E-04,-2.000000E-04,+9.600000E-04,+2.040000E+00
+2.829000E-04,-2.000000E-04,+1.040000E-03,+2.040000E+00
+2.830000E-04,-4.000000E-04,+8.799999E-04,+2.040000E+00
+2.831000E-04,-2.000000E-04,+8.000000E-04,+2.040000E+00
+2.832000E-04,-4.000000E-04,+8.000000E-04,+2.040000E+00
+2.833000E-04,-2.000000E-04,+9.600000E-04,+2.040000E+00
+2.834000E-04,-4.000000E-04,+9.600000E-04,+2.040000E+00
+2.835000E-04,-4.000000E-04,+8.799999E-04,+2.040000E+00
+2.836000E-04,-4.000000E-04,+8.000000E-04,+2.000000E+00
+2.837000E-04,-2.000000E-04,+7.200000E-04,+2.040000E+00
+2.838000E-04,-4.000000E-04,+7.200000E-04,+2.040000E+00
+2.839000E-04,-6.000000E-04,+8.000000E-04,+2.040000E+00
+2.840000E-04,-6.000000E-04,+8.000000E-04,+2.040000E+00
+2.841000E-04,-4.000000E-04,+8.000000E-04,+2.040000E+00
+2.842000E-04,-4.000000E-04,+4.800000E-04,+2.000000E+00
+2.843000E-04,-4.000000E-04,+4.800000E-04,+2.040000E+00
+2.844000E-04,-4.000000E-04,+5.600000E-04,+2.000000E+00
+2.845000E-04,-6.000000E-04,+6.400000E-04,+2.040000E+00
+2.846000E-04,-6.000000E-04,+6.400000E-04,+2.040000E+00
+2.847000E-04,-6.000000E-04,+5.600000E-04,+2.000000E+00
+2.848000E-04,-6.000000E-04,+3.200000E-04,+2.040000E+00
+2.849000E-04,-4.000000E-04,+3.200000E-04,+2.040000E+00
+2.850000E-04,-6.000000E-04,+3.200000E-04,+2.040000E+00
+2.851000E-04,-8.000000E-04,+4.800000E-04,+2.000000E+00
+2.852000E-04,-8.000000E-04,+3.200000E-04,+2.040000E+00
+2.853000E-04,-6.000000E-04,+2.400000E-04,+2.000000E+00
+2.854000E-04,-4.000000E-04,+8.000000E-05,+2.040000E+00
+2.855000E-04,-8.000000E-04,+1.600000E-04,+2.040000E+00
+2.856000E-04,-8.000000E-04,+8.000000E-05,+2.000000E+00
+2.857000E-04,-8.000000E-04,+3.200000E-04,+2.040000E+00
+2.858000E-04,-6.000000E-04,+8.000000E-05,+2.040000E+00
+2.859000E-04,-8.000000E-04,+0.000000E+00,+2.040000E+00
+2.860000E-04,-8.000000E-04,-8.000000E-05,+2.000000E+00
+2.861000E-04,-8.000000E-04,-8.000000E-05,+2.000000E+00
+2.862000E-04,-8.000000E-04,-1.600000E-04,+2.040000E+00
+2.863000E-04,-8.000000E-04,-1.600000E-04,+2.040000E+00
+2.864000E-04,-8.000000E-04,-3.200000E-04,+2.040000E+00
+2.865000E-04,-8.000000E-04,-3.200000E-04,+2.000000E+00
+2.866000E-04,-6.000000E-04,-3.200000E-04,+2.040000E+00
+2.867000E-04,-8.000000E-04,-4.000000E-04,+2.040000E+00
+2.868000E-04,-8.000000E-04,-4.800000E-04,+2.000000E+00
+2.869000E-04,-8.000000E-04,-5.600000E-04,+2.040000E+00
+2.870000E-04,-6.000000E-04,-6.400000E-04,+2.000000E+00
+2.871000E-04,-8.000000E-04,-5.600000E-04,+2.000000E+00
+2.872000E-04,-8.000000E-04,-6.400000E-04,+2.040000E+00
+2.873000E-04,-8.000000E-04,-7.200000E-04,+2.040000E+00
+2.874000E-04,-6.000000E-04,-7.200000E-04,+2.000000E+00
+2.875000E-04,-8.000000E-04,-8.000000E-04,+2.000000E+00
+2.876000E-04,-9.999999E-04,-7.200000E-04,+2.040000E+00
+2.877000E-04,-8.000000E-04,-6.400000E-04,+2.040000E+00
+2.878000E-04,-6.000000E-04,-7.200000E-04,+2.040000E+00
+2.879000E-04,-8.000000E-04,-8.799999E-04,+2.000000E+00
+2.880000E-04,-8.000000E-04,-8.799999E-04,+2.040000E+00
+2.881000E-04,-8.000000E-04,-1.040000E-03,+2.040000E+00
+2.882000E-04,-6.000000E-04,-9.600000E-04,+2.000000E+00
+2.883000E-04,-6.000000E-04,-8.799999E-04,+2.040000E+00
+2.884000E-04,-6.000000E-04,-9.600000E-04,+2.040000E+00
+2.885000E-04,-8.000000E-04,-1.120000E-03,+2.000000E+00
+2.886000E-04,-6.000000E-04,-1.120000E-03,+2.040000E+00
+2.887000E-04,-6.000000E-04,-1.120000E-03,+2.040000E+00
+2.888000E-04,-6.000000E-04,-9.600000E-04,+2.040000E+00
+2.889000E-04,-6.000000E-04,-1.120000E-03,+2.040000E+00
+2.890000E-04,-4.000000E-04,-1.280000E-03,+2.040000E+00
+2.891000E-04,-2.000000E-04,-1.280000E-03,+2.040000E+00
+2.892000E-04,-6.000000E-04,-1.120000E-03,+2.040000E+00
+2.893000E-04,-4.000000E-04,-1.040000E-03,+2.040000E+00
+2.894000E-04,-4.000000E-04,-1.120000E-03,+2.040000E+00
+2.895000E-04,-2.000000E-04,-1.200000E-03,+2.040000E+00
+2.896000E-04,-4.000000E-04,-1.200000E-03,+2.040000E+00
+2.897000E-04,-4.000000E-04,-1.200000E-03,+2.040000E+00
+2.898000E-04,-4.000000E-04,-1.120000E-03,+2.040000E+00
+2.899000E-04,-2.000000E-04,-1.280000E-03,+2.040000E+00
+2.900000E-04,+0.000000E+00,-1.200000E-03,+2.040000E+00
+2.901000E-04,-2.000000E-04,-1.280000E-03,+2.040000E+00
+2.902000E-04,-4.000000E-04,-1.200000E-03,+2.000000E+00
+2.903000E-04,-2.000000E-04,-1.040000E-03,+2.040000E+00
+2.904000E-04,-2.000000E-04,-1.200000E-03,+2.040000E+00
+2.905000E-04,-2.000000E-04,-1.200000E-03,+2.040000E+00
+2.906000E-04,-2.000000E-04,-1.200000E-03,+2.000000E+00
+2.907000E-04,+0.000000E+00,-1.200000E-03,+2.040000E+00
+2.908000E-04,+0.000000E+00,-1.200000E-03,+2.000000E+00
+2.909000E-04,+0.000000E+00,-1.200000E-03,+2.000000E+00
+2.910000E-04,+0.000000E+00,-1.280000E-03,+2.040000E+00
+2.911000E-04,+2.000000E-04,-1.200000E-03,+2.000000E+00
+2.912000E-04,+4.000000E-04,-1.120000E-03,+2.040000E+00
+2.913000E-04,+2.000000E-04,-1.200000E-03,+2.040000E+00
+2.914000E-04,+0.000000E+00,-1.120000E-03,+2.040000E+00
+2.915000E-04,+4.000000E-04,-1.120000E-03,+2.000000E+00
+2.916000E-04,+4.000000E-04,-1.040000E-03,+2.040000E+00
+2.917000E-04,+4.000000E-04,-1.040000E-03,+2.040000E+00
+2.918000E-04,+2.000000E-04,-1.040000E-03,+2.040000E+00
+2.919000E-04,+2.000000E-04,-9.600000E-04,+2.040000E+00
+2.920000E-04,+4.000000E-04,-8.799999E-04,+2.000000E+00
+2.921000E-04,+4.000000E-04,-9.600000E-04,+2.000000E+00
+2.922000E-04,+4.000000E-04,-9.600000E-04,+2.040000E+00
+2.923000E-04,+4.000000E-04,-8.799999E-04,+2.040000E+00
+2.924000E-04,+6.000000E-04,-9.600000E-04,+2.040000E+00
+2.925000E-04,+4.000000E-04,-9.600000E-04,+2.000000E+00
+2.926000E-04,+4.000000E-04,-8.799999E-04,+2.040000E+00
+2.927000E-04,+6.000000E-04,-8.000000E-04,+2.000000E+00
+2.928000E-04,+6.000000E-04,-8.000000E-04,+2.040000E+00
+2.929000E-04,+8.000000E-04,-7.200000E-04,+2.040000E+00
+2.930000E-04,+6.000000E-04,-8.000000E-04,+2.040000E+00
+2.931000E-04,+6.000000E-04,-7.200000E-04,+2.000000E+00
+2.932000E-04,+8.000000E-04,-7.200000E-04,+2.000000E+00
+2.933000E-04,+8.000000E-04,-6.400000E-04,+2.040000E+00
+2.934000E-04,+8.000000E-04,-5.600000E-04,+2.040000E+00
+2.935000E-04,+6.000000E-04,-4.000000E-04,+2.040000E+00
+2.936000E-04,+8.000000E-04,-4.000000E-04,+2.000000E+00
+2.937000E-04,+8.000000E-04,-4.000000E-04,+2.040000E+00
+2.938000E-04,+8.000000E-04,-4.800000E-04,+2.040000E+00
+2.939000E-04,+8.000000E-04,-4.000000E-04,+2.040000E+00
+2.940000E-04,+8.000000E-04,-4.000000E-04,+2.040000E+00
+2.941000E-04,+9.999999E-04,-3.200000E-04,+2.000000E+00
+2.942000E-04,+8.000000E-04,-4.000000E-04,+2.040000E+00
+2.943000E-04,+8.000000E-04,-2.400000E-04,+2.040000E+00
+2.944000E-04,+8.000000E-04,-1.600000E-04,+2.040000E+00
+2.945000E-04,+8.000000E-04,-2.400000E-04,+2.000000E+00
+2.946000E-04,+9.999999E-04,-1.600000E-04,+2.000000E+00
+2.947000E-04,+8.000000E-04,-1.600000E-04,+2.040000E+00
+2.948000E-04,+8.000000E-04,-1.600000E-04,+2.040000E+00
+2.949000E-04,+9.999999E-04,-8.000000E-05,+2.040000E+00
+2.950000E-04,+9.999999E-04,-1.600000E-04,+2.040000E+00
+2.951000E-04,+8.000000E-04,-8.000000E-05,+2.040000E+00
+2.952000E-04,+8.000000E-04,+0.000000E+00,+2.040000E+00
+2.953000E-04,+8.000000E-04,+8.000000E-05,+2.040000E+00
+2.954000E-04,+8.000000E-04,+8.000000E-05,+2.000000E+00
+2.955000E-04,+6.000000E-04,+8.000000E-05,+2.000000E+00
+2.956000E-04,+6.000000E-04,+8.000000E-05,+2.040000E+00
+2.957000E-04,+8.000000E-04,+1.600000E-04,+2.040000E+00
+2.958000E-04,+8.000000E-04,+0.000000E+00,+2.040000E+00
+2.959000E-04,+6.000000E-04,+8.000000E-05,+2.040000E+00
+2.960000E-04,+6.000000E-04,+8.000000E-05,+2.040000E+00
+2.961000E-04,+6.000000E-04,+2.400000E-04,+2.040000E+00
+2.962000E-04,+6.000000E-04,+2.400000E-04,+2.000000E+00
+2.963000E-04,+6.000000E-04,+2.400000E-04,+2.040000E+00
+2.964000E-04,+4.000000E-04,+3.200000E-04,+2.040000E+00
+2.965000E-04,+4.000000E-04,+4.000000E-04,+2.000000E+00
+2.966000E-04,+6.000000E-04,+4.000000E-04,+2.040000E+00
+2.967000E-04,+6.000000E-04,+4.000000E-04,+2.000000E+00
+2.968000E-04,+6.000000E-04,+2.400000E-04,+2.040000E+00
+2.969000E-04,+6.000000E-04,+2.400000E-04,+2.000000E+00
+2.970000E-04,+6.000000E-04,+3.200000E-04,+2.000000E+00
+2.971000E-04,+4.000000E-04,+4.000000E-04,+2.040000E+00
+2.972000E-04,+4.000000E-04,+4.000000E-04,+2.000000E+00
+2.973000E-04,+4.000000E-04,+4.000000E-04,+2.040000E+00
+2.974000E-04,+4.000000E-04,+3.200000E-04,+2.040000E+00
+2.975000E-04,+2.000000E-04,+4.000000E-04,+2.040000E+00
+2.976000E-04,+2.000000E-04,+3.200000E-04,+2.040000E+00
+2.977000E-04,+2.000000E-04,+4.000000E-04,+2.000000E+00
+2.978000E-04,+2.000000E-04,+4.800000E-04,+2.040000E+00
+2.979000E-04,+2.000000E-04,+4.000000E-04,+2.040000E+00
+2.980000E-04,+2.000000E-04,+4.800000E-04,+2.040000E+00
+2.981000E-04,+0.000000E+00,+4.000000E-04,+2.040000E+00
+2.982000E-04,+0.000000E+00,+4.800000E-04,+2.040000E+00
+2.983000E-04,+2.000000E-04,+4.800000E-04,+2.000000E+00
+2.984000E-04,+2.000000E-04,+3.200000E-04,+2.040000E+00
+2.985000E-04,+0.000000E+00,+4.000000E-04,+2.040000E+00
+2.986000E-04,+0.000000E+00,+3.200000E-04,+2.040000E+00
+2.987000E-04,-2.000000E-04,+3.200000E-04,+2.040000E+00
+2.988000E-04,+0.000000E+00,+2.400000E-04,+2.040000E+00
+2.989000E-04,-2.000000E-04,+3.200000E-04,+2.000000E+00
+2.990000E-04,-2.000000E-04,+4.000000E-04,+2.040000E+00
+2.991000E-04,-4.000000E-04,+4.000000E-04,+2.040000E+00
+2.992000E-04,-4.000000E-04,+4.000000E-04,+2.040000E+00
+2.993000E-04,-6.000000E-04,+4.000000E-04,+2.000000E+00
+2.994000E-04,-4.000000E-04,+3.200000E-04,+2.040000E+00
+2.995000E-04,-4.000000E-04,+2.400000E-04,+2.040000E+00
+2.996000E-04,-4.000000E-04,+2.400000E-04,+2.040000E+00
+2.997000E-04,-8.000000E-04,+3.200000E-04,+2.000000E+00
+2.998000E-04,-8.000000E-04,+4.000000E-04,+2.040000E+00
+2.999000E-04,-6.000000E-04,+3.200000E-04,+2.000000E+00
+3.000000E-04,-6.000000E-04,+1.600000E-04,+2.000000E+00
+3.001000E-04,-6.000000E-04,+0.000000E+00,+2.000000E+00
+3.002000E-04,-8.000000E-04,+1.600000E-04,+2.040000E+00
+3.003000E-04,-8.000000E-04,+3.200000E-04,+2.040000E+00
+3.004000E-04,-8.000000E-04,+2.400000E-04,+2.040000E+00
+3.005000E-04,-8.000000E-04,+8.000000E-05,+2.040000E+00
+3.006000E-04,-8.000000E-04,+0.000000E+00,+2.000000E+00
+3.007000E-04,-8.000000E-04,+8.000000E-05,+2.040000E+00
+3.008000E-04,-9.999999E-04,+2.400000E-04,+2.040000E+00
+3.009000E-04,-9.999999E-04,+1.600000E-04,+2.040000E+00
+3.010000E-04,-9.999999E-04,+8.000000E-05,+2.000000E+00
+3.011000E-04,-8.000000E-04,+8.000000E-05,+2.040000E+00
+3.012000E-04,-8.000000E-04,+0.000000E+00,+2.040000E+00
+3.013000E-04,-9.999999E-04,+0.000000E+00,+2.040000E+00
+3.014000E-04,-9.999999E-04,-8.000000E-05,+2.040000E+00
+3.015000E-04,-1.200000E-03,-8.000000E-05,+2.040000E+00
+3.016000E-04,-1.200000E-03,+8.000000E-05,+2.040000E+00
+3.017000E-04,-1.200000E-03,+0.000000E+00,+2.000000E+00
+3.018000E-04,-1.200000E-03,+0.000000E+00,+2.000000E+00
+3.019000E-04,-9.999999E-04,-1.600000E-04,+2.040000E+00
+3.020000E-04,-9.999999E-04,-3.200000E-04,+2.040000E+00
+3.021000E-04,-1.200000E-03,-1.600000E-04,+2.000000E+00
+3.022000E-04,-1.200000E-03,-8.000000E-05,+2.040000E+00
+3.023000E-04,-1.200000E-03,+0.000000E+00,+2.040000E+00
+3.024000E-04,-1.200000E-03,-2.400000E-04,+2.040000E+00
+3.025000E-04,-1.200000E-03,-3.200000E-04,+2.000000E+00
+3.026000E-04,-1.200000E-03,-2.400000E-04,+2.000000E+00
+3.027000E-04,-9.999999E-04,-4.000000E-04,+2.040000E+00
+3.028000E-04,-9.999999E-04,-3.200000E-04,+2.000000E+00
+3.029000E-04,-9.999999E-04,-4.000000E-04,+2.040000E+00
+3.030000E-04,-1.200000E-03,-4.800000E-04,+2.040000E+00
+3.031000E-04,-1.200000E-03,-3.200000E-04,+2.040000E+00
+3.032000E-04,-1.200000E-03,-2.400000E-04,+2.000000E+00
+3.033000E-04,-1.200000E-03,-3.200000E-04,+2.000000E+00
+3.034000E-04,-1.200000E-03,-3.200000E-04,+2.040000E+00
+3.035000E-04,-9.999999E-04,-4.800000E-04,+2.000000E+00
+3.036000E-04,-9.999999E-04,-3.200000E-04,+2.040000E+00
+3.037000E-04,-1.200000E-03,-2.400000E-04,+2.040000E+00
+3.038000E-04,-9.999999E-04,-4.000000E-04,+2.040000E+00
+3.039000E-04,-8.000000E-04,-4.800000E-04,+2.040000E+00
+3.040000E-04,-9.999999E-04,-4.800000E-04,+2.000000E+00
+3.041000E-04,-9.999999E-04,-4.800000E-04,+2.040000E+00
+3.042000E-04,-9.999999E-04,-4.800000E-04,+2.040000E+00
+3.043000E-04,-9.999999E-04,-5.600000E-04,+2.040000E+00
+3.044000E-04,-9.999999E-04,-6.400000E-04,+2.040000E+00
+3.045000E-04,-8.000000E-04,-5.600000E-04,+2.040000E+00
+3.046000E-04,-8.000000E-04,-5.600000E-04,+2.000000E+00
+3.047000E-04,-9.999999E-04,-6.400000E-04,+2.040000E+00
+3.048000E-04,-9.999999E-04,-5.600000E-04,+2.040000E+00
+3.049000E-04,-8.000000E-04,-4.000000E-04,+2.000000E+00
+3.050000E-04,-9.999999E-04,-4.000000E-04,+2.000000E+00
+3.051000E-04,-6.000000E-04,-5.600000E-04,+2.040000E+00
+3.052000E-04,-6.000000E-04,-6.400000E-04,+2.000000E+00
+3.053000E-04,-6.000000E-04,-4.800000E-04,+2.000000E+00
+3.054000E-04,-6.000000E-04,-4.800000E-04,+2.040000E+00
+3.055000E-04,-6.000000E-04,-4.000000E-04,+2.040000E+00
+3.056000E-04,-6.000000E-04,-4.800000E-04,+2.040000E+00
+3.057000E-04,-4.000000E-04,-4.800000E-04,+2.040000E+00
+3.058000E-04,-4.000000E-04,-6.400000E-04,+2.040000E+00
+3.059000E-04,-4.000000E-04,-4.800000E-04,+2.000000E+00
+3.060000E-04,-4.000000E-04,-5.600000E-04,+2.040000E+00
+3.061000E-04,-2.000000E-04,-6.400000E-04,+2.040000E+00
+3.062000E-04,-4.000000E-04,-6.400000E-04,+2.040000E+00
+3.063000E-04,-4.000000E-04,-4.800000E-04,+2.000000E+00
+3.064000E-04,-2.000000E-04,-4.800000E-04,+2.040000E+00
+3.065000E-04,-2.000000E-04,-4.800000E-04,+2.040000E+00
+3.066000E-04,+0.000000E+00,-6.400000E-04,+2.040000E+00
+3.067000E-04,+0.000000E+00,-5.600000E-04,+2.040000E+00
+3.068000E-04,+0.000000E+00,-4.800000E-04,+2.040000E+00
+3.069000E-04,+0.000000E+00,-4.800000E-04,+2.000000E+00
+3.070000E-04,+0.000000E+00,-5.600000E-04,+2.040000E+00
+3.071000E-04,+2.000000E-04,-6.400000E-04,+2.040000E+00
+3.072000E-04,+4.000000E-04,-6.400000E-04,+2.040000E+00
+3.073000E-04,+2.000000E-04,-4.000000E-04,+2.000000E+00
+3.074000E-04,+0.000000E+00,-3.200000E-04,+2.040000E+00
+3.075000E-04,+2.000000E-04,-4.000000E-04,+2.040000E+00
+3.076000E-04,+4.000000E-04,-4.000000E-04,+2.000000E+00
+3.077000E-04,+4.000000E-04,-4.000000E-04,+2.040000E+00
+3.078000E-04,+4.000000E-04,-3.200000E-04,+2.000000E+00
+3.079000E-04,+4.000000E-04,-2.400000E-04,+2.000000E+00
+3.080000E-04,+6.000000E-04,-4.800000E-04,+2.040000E+00
+3.081000E-04,+6.000000E-04,-4.000000E-04,+2.040000E+00
+3.082000E-04,+6.000000E-04,-3.200000E-04,+2.040000E+00
+3.083000E-04,+6.000000E-04,-3.200000E-04,+2.040000E+00
+3.084000E-04,+8.000000E-04,-4.000000E-04,+2.040000E+00
+3.085000E-04,+6.000000E-04,-4.000000E-04,+2.040000E+00
+3.086000E-04,+8.000000E-04,-3.200000E-04,+2.040000E+00
+3.087000E-04,+6.000000E-04,-4.800000E-04,+2.040000E+00
+3.088000E-04,+8.000000E-04,-3.200000E-04,+2.000000E+00
+3.089000E-04,+6.000000E-04,-2.400000E-04,+2.040000E+00
+3.090000E-04,+6.000000E-04,-2.400000E-04,+2.040000E+00
+3.091000E-04,+8.000000E-04,-3.200000E-04,+2.000000E+00
+3.092000E-04,+8.000000E-04,-4.000000E-04,+2.000000E+00
+3.093000E-04,+8.000000E-04,-2.400000E-04,+2.040000E+00
+3.094000E-04,+8.000000E-04,-8.000000E-05,+2.040000E+00
+3.095000E-04,+8.000000E-04,-1.600000E-04,+2.040000E+00
+3.096000E-04,+9.999999E-04,-1.600000E-04,+2.000000E+00
+3.097000E-04,+9.999999E-04,-3.200000E-04,+2.040000E+00
+3.098000E-04,+9.999999E-04,-2.400000E-04,+2.040000E+00
+3.099000E-04,+9.999999E-04,-2.400000E-04,+2.040000E+00
+3.100000E-04,+9.999999E-04,-8.000000E-05,+2.040000E+00
+3.101000E-04,+9.999999E-04,-1.600000E-04,+2.040000E+00
+3.102000E-04,+9.999999E-04,-2.400000E-04,+2.040000E+00
+3.103000E-04,+9.999999E-04,-4.000000E-04,+2.040000E+00
+3.104000E-04,+9.999999E-04,-2.400000E-04,+2.040000E+00
+3.105000E-04,+9.999999E-04,-4.000000E-04,+2.040000E+00
+3.106000E-04,+9.999999E-04,-2.400000E-04,+2.040000E+00
+3.107000E-04,+8.000000E-04,-1.600000E-04,+2.040000E+00
+3.108000E-04,+8.000000E-04,-1.600000E-04,+2.000000E+00
+3.109000E-04,+9.999999E-04,-3.200000E-04,+2.040000E+00
+3.110000E-04,+9.999999E-04,-2.400000E-04,+2.040000E+00
+3.111000E-04,+1.200000E-03,-2.400000E-04,+2.000000E+00
+3.112000E-04,+9.999999E-04,-1.600000E-04,+2.040000E+00
+3.113000E-04,+9.999999E-04,-1.600000E-04,+2.040000E+00
+3.114000E-04,+9.999999E-04,-1.600000E-04,+2.040000E+00
+3.115000E-04,+9.999999E-04,-1.600000E-04,+2.040000E+00
+3.116000E-04,+8.000000E-04,-2.400000E-04,+2.040000E+00
+3.117000E-04,+9.999999E-04,-2.400000E-04,+2.000000E+00
+3.118000E-04,+8.000000E-04,-2.400000E-04,+2.040000E+00
+3.119000E-04,+8.000000E-04,-8.000000E-05,+2.040000E+00
+3.120000E-04,+8.000000E-04,-2.400000E-04,+2.000000E+00
+3.121000E-04,+8.000000E-04,-2.400000E-04,+2.040000E+00
+3.122000E-04,+8.000000E-04,-1.600000E-04,+2.040000E+00
+3.123000E-04,+8.000000E-04,-2.400000E-04,+2.000000E+00
+3.124000E-04,+6.000000E-04,-3.200000E-04,+2.040000E+00
+3.125000E-04,+8.000000E-04,-3.200000E-04,+2.040000E+00
+3.126000E-04,+8.000000E-04,-3.200000E-04,+2.040000E+00
+3.127000E-04,+6.000000E-04,-3.200000E-04,+2.040000E+00
+3.128000E-04,+6.000000E-04,-1.600000E-04,+2.040000E+00
+3.129000E-04,+6.000000E-04,-3.200000E-04,+2.040000E+00
+3.130000E-04,+6.000000E-04,-3.200000E-04,+2.000000E+00
+3.131000E-04,+6.000000E-04,-3.200000E-04,+2.040000E+00
+3.132000E-04,+4.000000E-04,-2.400000E-04,+2.040000E+00
+3.133000E-04,+4.000000E-04,-1.600000E-04,+2.000000E+00
+3.134000E-04,+4.000000E-04,-1.600000E-04,+2.040000E+00
+3.135000E-04,+4.000000E-04,-1.600000E-04,+2.040000E+00
+3.136000E-04,+2.000000E-04,-2.400000E-04,+2.000000E+00
+3.137000E-04,+4.000000E-04,-3.200000E-04,+2.040000E+00
+3.138000E-04,+4.000000E-04,-4.000000E-04,+2.000000E+00
+3.139000E-04,+2.000000E-04,-1.600000E-04,+2.000000E+00
+3.140000E-04,+0.000000E+00,-2.400000E-04,+2.040000E+00
+3.141000E-04,+0.000000E+00,-3.200000E-04,+2.040000E+00
+3.142000E-04,+2.000000E-04,-4.000000E-04,+2.040000E+00
+3.143000E-04,+0.000000E+00,-3.200000E-04,+2.040000E+00
+3.144000E-04,+0.000000E+00,-4.000000E-04,+2.000000E+00
+3.145000E-04,-2.000000E-04,-3.200000E-04,+2.040000E+00
+3.146000E-04,-2.000000E-04,-4.000000E-04,+2.040000E+00
+3.147000E-04,-2.000000E-04,-4.000000E-04,+2.040000E+00
+3.148000E-04,+0.000000E+00,-4.000000E-04,+2.040000E+00
+3.149000E-04,-2.000000E-04,-3.200000E-04,+2.000000E+00
+3.150000E-04,-2.000000E-04,-1.600000E-04,+2.040000E+00
+3.151000E-04,-2.000000E-04,-3.200000E-04,+2.040000E+00
+3.152000E-04,-2.000000E-04,-4.000000E-04,+2.040000E+00
+3.153000E-04,-2.000000E-04,-2.400000E-04,+2.040000E+00
+3.154000E-04,-4.000000E-04,-4.800000E-04,+2.040000E+00
+3.155000E-04,-4.000000E-04,-3.200000E-04,+2.040000E+00
+3.156000E-04,-4.000000E-04,-4.000000E-04,+2.040000E+00
+3.157000E-04,-4.000000E-04,-3.200000E-04,+2.040000E+00
+3.158000E-04,-6.000000E-04,-4.800000E-04,+2.040000E+00
+3.159000E-04,-6.000000E-04,-3.200000E-04,+2.040000E+00
+3.160000E-04,-6.000000E-04,-4.000000E-04,+2.000000E+00
+3.161000E-04,-6.000000E-04,-4.000000E-04,+2.040000E+00
+3.162000E-04,-8.000000E-04,-3.200000E-04,+2.000000E+00
+3.163000E-04,-8.000000E-04,-2.400000E-04,+2.000000E+00
+3.164000E-04,-6.000000E-04,-4.800000E-04,+2.000000E+00
+3.165000E-04,-8.000000E-04,-4.800000E-04,+2.040000E+00
+3.166000E-04,-8.000000E-04,-4.000000E-04,+2.000000E+00
+3.167000E-04,-8.000000E-04,-4.800000E-04,+2.040000E+00
+3.168000E-04,-8.000000E-04,-4.000000E-04,+2.040000E+00
+3.169000E-04,-9.999999E-04,-4.000000E-04,+2.040000E+00
+3.170000E-04,-9.999999E-04,-3.200000E-04,+2.000000E+00
+3.171000E-04,-9.999999E-04,-3.200000E-04,+2.000000E+00
+3.172000E-04,-8.000000E-04,-3.200000E-04,+2.040000E+00
+3.173000E-04,-9.999999E-04,-3.200000E-04,+2.040000E+00
+3.174000E-04,-9.999999E-04,-3.200000E-04,+2.040000E+00
+3.175000E-04,-9.999999E-04,-2.400000E-04,+2.040000E+00
+3.176000E-04,-9.999999E-04,-2.400000E-04,+2.040000E+00
+3.177000E-04,-9.999999E-04,-3.200000E-04,+2.040000E+00
+3.178000E-04,-9.999999E-04,-3.200000E-04,+2.040000E+00
+3.179000E-04,-9.999999E-04,-4.000000E-04,+2.040000E+00
+3.180000E-04,-1.200000E-03,-2.400000E-04,+2.000000E+00
+3.181000E-04,-1.200000E-03,-4.000000E-04,+2.040000E+00
+3.182000E-04,-9.999999E-04,-2.400000E-04,+2.040000E+00
+3.183000E-04,-9.999999E-04,-3.200000E-04,+2.040000E+00
+3.184000E-04,-9.999999E-04,-2.400000E-04,+2.040000E+00
+3.185000E-04,-1.200000E-03,-4.800000E-04,+2.040000E+00
+3.186000E-04,-9.999999E-04,-3.200000E-04,+2.040000E+00
+3.187000E-04,-1.200000E-03,-3.200000E-04,+2.040000E+00
+3.188000E-04,-9.999999E-04,-1.600000E-04,+2.000000E+00
+3.189000E-04,-1.200000E-03,-3.200000E-04,+2.040000E+00
+3.190000E-04,-9.999999E-04,-1.600000E-04,+2.040000E+00
+3.191000E-04,-1.200000E-03,-2.400000E-04,+2.040000E+00
+3.192000E-04,-1.200000E-03,-1.600000E-04,+2.040000E+00
+3.193000E-04,-1.200000E-03,-8.000000E-05,+2.040000E+00
+3.194000E-04,-9.999999E-04,-8.000000E-05,+2.040000E+00
+3.195000E-04,-9.999999E-04,-8.000000E-05,+2.000000E+00
+3.196000E-04,-9.999999E-04,-8.000000E-05,+2.040000E+00
+3.197000E-04,-9.999999E-04,-2.400000E-04,+2.040000E+00
+3.198000E-04,-9.999999E-04,-8.000000E-05,+2.000000E+00
+3.199000E-04,-9.999999E-04,+0.000000E+00,+2.000000E+00
+3.200000E-04,-9.999999E-04,+0.000000E+00,+2.000000E+00
+3.201000E-04,-8.000000E-04,-8.000000E-05,+2.000000E+00
+3.202000E-04,-9.999999E-04,-1.600000E-04,+2.040000E+00
+3.203000E-04,-9.999999E-04,-1.600000E-04,+2.000000E+00
+3.204000E-04,-9.999999E-04,+0.000000E+00,+2.040000E+00
+3.205000E-04,-8.000000E-04,+0.000000E+00,+2.040000E+00
+3.206000E-04,-8.000000E-04,-8.000000E-05,+2.040000E+00
+3.207000E-04,-8.000000E-04,-8.000000E-05,+2.040000E+00
+3.208000E-04,-9.999999E-04,+0.000000E+00,+2.040000E+00
+3.209000E-04,-8.000000E-04,+0.000000E+00,+2.040000E+00
+3.210000E-04,-8.000000E-04,+8.000000E-05,+2.000000E+00
+3.211000E-04,-6.000000E-04,+0.000000E+00,+2.000000E+00
+3.212000E-04,-8.000000E-04,+1.600000E-04,+2.040000E+00
+3.213000E-04,-6.000000E-04,+8.000000E-05,+2.000000E+00
+3.214000E-04,-6.000000E-04,+0.000000E+00,+2.040000E+00
+3.215000E-04,-4.000000E-04,-8.000000E-05,+2.000000E+00
+3.216000E-04,-6.000000E-04,+1.600000E-04,+2.040000E+00
+3.217000E-04,-4.000000E-04,+1.600000E-04,+2.040000E+00
+3.218000E-04,-6.000000E-04,+1.600000E-04,+2.040000E+00
+3.219000E-04,-6.000000E-04,+1.600000E-04,+2.040000E+00
+3.220000E-04,-4.000000E-04,+1.600000E-04,+2.040000E+00
+3.221000E-04,-2.000000E-04,+0.000000E+00,+2.040000E+00
+3.222000E-04,-4.000000E-04,+0.000000E+00,+2.040000E+00
+3.223000E-04,-2.000000E-04,+0.000000E+00,+2.040000E+00
+3.224000E-04,-4.000000E-04,+1.600000E-04,+2.000000E+00
+3.225000E-04,-4.000000E-04,+1.600000E-04,+2.000000E+00
+3.226000E-04,-2.000000E-04,+8.000000E-05,+2.040000E+00
+3.227000E-04,+0.000000E+00,+0.000000E+00,+2.000000E+00
+3.228000E-04,-2.000000E-04,+1.600000E-04,+2.040000E+00
+3.229000E-04,+0.000000E+00,+1.600000E-04,+2.040000E+00
+3.230000E-04,+0.000000E+00,+1.600000E-04,+2.000000E+00
+3.231000E-04,+2.000000E-04,+0.000000E+00,+2.040000E+00
+3.232000E-04,+0.000000E+00,+8.000000E-05,+2.040000E+00
+3.233000E-04,+2.000000E-04,+4.800000E-04,+2.040000E+00
+3.234000E-04,+0.000000E+00,+3.200000E-04,+2.040000E+00
+3.235000E-04,+0.000000E+00,+3.200000E-04,+2.040000E+00
+3.236000E-04,+2.000000E-04,+1.600000E-04,+2.040000E+00
+3.237000E-04,+2.000000E-04,+1.600000E-04,+2.000000E+00
+3.238000E-04,+2.000000E-04,+3.200000E-04,+2.040000E+00
+3.239000E-04,+2.000000E-04,+3.200000E-04,+2.040000E+00
+3.240000E-04,+4.000000E-04,+0.000000E+00,+2.040000E+00
+3.241000E-04,+4.000000E-04,+1.600000E-04,+2.040000E+00
+3.242000E-04,+2.000000E-04,+1.600000E-04,+2.040000E+00
+3.243000E-04,+4.000000E-04,+2.400000E-04,+2.000000E+00
+3.244000E-04,+4.000000E-04,+0.000000E+00,+2.040000E+00
+3.245000E-04,+6.000000E-04,+8.000000E-05,+2.040000E+00
+3.246000E-04,+6.000000E-04,-8.000000E-05,+2.040000E+00
+3.247000E-04,+4.000000E-04,+8.000000E-05,+2.000000E+00
+3.248000E-04,+4.000000E-04,+8.000000E-05,+2.000000E+00
+3.249000E-04,+4.000000E-04,+1.600000E-04,+2.040000E+00
+3.250000E-04,+6.000000E-04,+8.000000E-05,+2.000000E+00
+3.251000E-04,+6.000000E-04,+0.000000E+00,+2.040000E+00
+3.252000E-04,+6.000000E-04,+0.000000E+00,+2.040000E+00
+3.253000E-04,+6.000000E-04,+2.400000E-04,+2.040000E+00
+3.254000E-04,+6.000000E-04,-8.000000E-05,+2.040000E+00
+3.255000E-04,+8.000000E-04,+0.000000E+00,+2.040000E+00
+3.256000E-04,+6.000000E-04,-8.000000E-05,+2.040000E+00
+3.257000E-04,+6.000000E-04,+8.000000E-05,+2.000000E+00
+3.258000E-04,+6.000000E-04,+0.000000E+00,+2.000000E+00
+3.259000E-04,+4.000000E-04,+1.600000E-04,+2.040000E+00
+3.260000E-04,+6.000000E-04,-8.000000E-05,+2.040000E+00
+3.261000E-04,+8.000000E-04,-1.600000E-04,+2.040000E+00
+3.262000E-04,+8.000000E-04,-4.000000E-04,+2.040000E+00
+3.263000E-04,+8.000000E-04,-2.400000E-04,+2.000000E+00
+3.264000E-04,+6.000000E-04,-8.000000E-05,+2.040000E+00
+3.265000E-04,+4.000000E-04,+0.000000E+00,+2.040000E+00
+3.266000E-04,+8.000000E-04,-3.200000E-04,+2.040000E+00
+3.267000E-04,+8.000000E-04,-4.000000E-04,+2.040000E+00
+3.268000E-04,+8.000000E-04,-3.200000E-04,+2.000000E+00
+3.269000E-04,+6.000000E-04,-2.400000E-04,+2.000000E+00
+3.270000E-04,+6.000000E-04,-1.600000E-04,+2.000000E+00
+3.271000E-04,+8.000000E-04,-2.400000E-04,+2.000000E+00
+3.272000E-04,+8.000000E-04,-3.200000E-04,+2.000000E+00
+3.273000E-04,+8.000000E-04,-3.200000E-04,+2.000000E+00
+3.274000E-04,+8.000000E-04,-3.200000E-04,+2.040000E+00
+3.275000E-04,+6.000000E-04,-3.200000E-04,+2.040000E+00
+3.276000E-04,+6.000000E-04,-2.400000E-04,+2.040000E+00
+3.277000E-04,+6.000000E-04,-2.400000E-04,+2.040000E+00
+3.278000E-04,+8.000000E-04,-3.200000E-04,+2.000000E+00
+3.279000E-04,+8.000000E-04,-4.800000E-04,+2.040000E+00
+3.280000E-04,+8.000000E-04,-5.600000E-04,+2.040000E+00
+3.281000E-04,+6.000000E-04,-5.600000E-04,+2.040000E+00
+3.282000E-04,+6.000000E-04,-5.600000E-04,+2.040000E+00
+3.283000E-04,+6.000000E-04,-5.600000E-04,+2.040000E+00
+3.284000E-04,+4.000000E-04,-5.600000E-04,+2.000000E+00
+3.285000E-04,+4.000000E-04,-6.400000E-04,+2.000000E+00
+3.286000E-04,+6.000000E-04,-7.200000E-04,+2.040000E+00
+3.287000E-04,+6.000000E-04,-8.000000E-04,+2.040000E+00
+3.288000E-04,+6.000000E-04,-7.200000E-04,+2.040000E+00
+3.289000E-04,+4.000000E-04,-6.400000E-04,+2.040000E+00
+3.290000E-04,+4.000000E-04,-6.400000E-04,+2.040000E+00
+3.291000E-04,+4.000000E-04,-8.000000E-04,+2.040000E+00
+3.292000E-04,+4.000000E-04,-8.000000E-04,+2.040000E+00
+3.293000E-04,+2.000000E-04,-7.200000E-04,+2.040000E+00
+3.294000E-04,+2.000000E-04,-6.400000E-04,+2.040000E+00
+3.295000E-04,+4.000000E-04,-8.000000E-04,+2.000000E+00
+3.296000E-04,+2.000000E-04,-7.200000E-04,+2.040000E+00
+3.297000E-04,+0.000000E+00,-8.000000E-04,+2.040000E+00
+3.298000E-04,+2.000000E-04,-8.000000E-04,+2.000000E+00
+3.299000E-04,+2.000000E-04,-9.600000E-04,+2.040000E+00
+3.300000E-04,+2.000000E-04,-8.000000E-04,+2.000000E+00
+3.301000E-04,+2.000000E-04,-8.799999E-04,+2.040000E+00
+3.302000E-04,+0.000000E+00,-7.200000E-04,+2.040000E+00
+3.303000E-04,+2.000000E-04,-1.040000E-03,+2.040000E+00
+3.304000E-04,+2.000000E-04,-9.600000E-04,+2.000000E+00
+3.305000E-04,+0.000000E+00,-1.040000E-03,+2.040000E+00
+3.306000E-04,+0.000000E+00,-8.000000E-04,+2.040000E+00
+3.307000E-04,+0.000000E+00,-8.799999E-04,+2.040000E+00
+3.308000E-04,+0.000000E+00,-8.799999E-04,+2.040000E+00
+3.309000E-04,+0.000000E+00,-1.040000E-03,+2.040000E+00
+3.310000E-04,-2.000000E-04,-9.600000E-04,+2.040000E+00
+3.311000E-04,-2.000000E-04,-8.799999E-04,+2.000000E+00
+3.312000E-04,-2.000000E-04,-8.799999E-04,+2.000000E+00
+3.313000E-04,-2.000000E-04,-8.799999E-04,+2.040000E+00
+3.314000E-04,-2.000000E-04,-8.799999E-04,+2.040000E+00
+3.315000E-04,-2.000000E-04,-9.600000E-04,+2.000000E+00
+3.316000E-04,-2.000000E-04,-8.799999E-04,+2.000000E+00
+3.317000E-04,-2.000000E-04,-8.799999E-04,+2.040000E+00
+3.318000E-04,-4.000000E-04,-8.000000E-04,+2.040000E+00
+3.319000E-04,-4.000000E-04,-8.799999E-04,+2.040000E+00
+3.320000E-04,-4.000000E-04,-8.000000E-04,+2.000000E+00
+3.321000E-04,-4.000000E-04,-8.000000E-04,+2.040000E+00
+3.322000E-04,-4.000000E-04,-8.000000E-04,+2.040000E+00
+3.323000E-04,-4.000000E-04,-9.600000E-04,+2.000000E+00
+3.324000E-04,-4.000000E-04,-9.600000E-04,+2.040000E+00
+3.325000E-04,-4.000000E-04,-9.600000E-04,+2.040000E+00
+3.326000E-04,-4.000000E-04,-7.200000E-04,+2.000000E+00
+3.327000E-04,-6.000000E-04,-7.200000E-04,+2.000000E+00
+3.328000E-04,-4.000000E-04,-7.200000E-04,+2.040000E+00
+3.329000E-04,-4.000000E-04,-7.200000E-04,+2.040000E+00
+3.330000E-04,-6.000000E-04,-8.000000E-04,+2.040000E+00
+3.331000E-04,-6.000000E-04,-7.200000E-04,+2.000000E+00
+3.332000E-04,-6.000000E-04,-6.400000E-04,+2.000000E+00
+3.333000E-04,-6.000000E-04,-6.400000E-04,+2.040000E+00
+3.334000E-04,-6.000000E-04,-5.600000E-04,+2.040000E+00
+3.335000E-04,-6.000000E-04,-5.600000E-04,+2.040000E+00
+3.336000E-04,-6.000000E-04,-5.600000E-04,+2.000000E+00
+3.337000E-04,-6.000000E-04,-4.000000E-04,+2.000000E+00
+3.338000E-04,-6.000000E-04,-4.800000E-04,+2.040000E+00
+3.339000E-04,-6.000000E-04,-4.800000E-04,+2.040000E+00
+3.340000E-04,-6.000000E-04,-4.800000E-04,+2.000000E+00
+3.341000E-04,-6.000000E-04,-5.600000E-04,+2.040000E+00
+3.342000E-04,-8.000000E-04,-4.800000E-04,+2.040000E+00
+3.343000E-04,-8.000000E-04,-4.000000E-04,+2.040000E+00
+3.344000E-04,-6.000000E-04,-3.200000E-04,+2.040000E+00
+3.345000E-04,-6.000000E-04,-3.200000E-04,+2.000000E+00
+3.346000E-04,-6.000000E-04,-4.000000E-04,+2.040000E+00
+3.347000E-04,-6.000000E-04,-3.200000E-04,+2.040000E+00
+3.348000E-04,-8.000000E-04,-3.200000E-04,+2.040000E+00
+3.349000E-04,-8.000000E-04,-2.400000E-04,+2.040000E+00
+3.350000E-04,-6.000000E-04,-2.400000E-04,+2.040000E+00
+3.351000E-04,-6.000000E-04,-1.600000E-04,+2.040000E+00
+3.352000E-04,-8.000000E-04,-1.600000E-04,+2.040000E+00
+3.353000E-04,-8.000000E-04,+0.000000E+00,+2.040000E+00
+3.354000E-04,-6.000000E-04,+0.000000E+00,+2.040000E+00
+3.355000E-04,-8.000000E-04,+8.000000E-05,+2.000000E+00
+3.356000E-04,-6.000000E-04,+8.000000E-05,+2.040000E+00
+3.357000E-04,-6.000000E-04,+8.000000E-05,+2.040000E+00
+3.358000E-04,-6.000000E-04,+8.000000E-05,+2.040000E+00
+3.359000E-04,-6.000000E-04,+0.000000E+00,+2.000000E+00
+3.360000E-04,-6.000000E-04,+1.600000E-04,+2.000000E+00
+3.361000E-04,-4.000000E-04,+8.000000E-05,+2.040000E+00
+3.362000E-04,-4.000000E-04,+1.600000E-04,+2.040000E+00
+3.363000E-04,-6.000000E-04,+8.000000E-05,+2.000000E+00
+3.364000E-04,-6.000000E-04,+1.600000E-04,+2.040000E+00
+3.365000E-04,-6.000000E-04,+1.600000E-04,+2.040000E+00
+3.366000E-04,-6.000000E-04,+3.200000E-04,+2.040000E+00
+3.367000E-04,-6.000000E-04,+3.200000E-04,+2.040000E+00
+3.368000E-04,-4.000000E-04,+1.600000E-04,+2.040000E+00
+3.369000E-04,-4.000000E-04,+1.600000E-04,+2.040000E+00
+3.370000E-04,-4.000000E-04,+2.400000E-04,+2.040000E+00
+3.371000E-04,-6.000000E-04,+4.800000E-04,+2.040000E+00
+3.372000E-04,-4.000000E-04,+4.800000E-04,+2.000000E+00
+3.373000E-04,-4.000000E-04,+4.800000E-04,+2.040000E+00
+3.374000E-04,-4.000000E-04,+4.000000E-04,+2.040000E+00
+3.375000E-04,-4.000000E-04,+4.800000E-04,+2.040000E+00
+3.376000E-04,-4.000000E-04,+4.000000E-04,+2.040000E+00
+3.377000E-04,-4.000000E-04,+4.800000E-04,+2.040000E+00
+3.378000E-04,-4.000000E-04,+4.800000E-04,+2.000000E+00
+3.379000E-04,-4.000000E-04,+4.800000E-04,+2.040000E+00
+3.380000E-04,-4.000000E-04,+6.400000E-04,+2.040000E+00
+3.381000E-04,-4.000000E-04,+3.200000E-04,+2.040000E+00
+3.382000E-04,-2.000000E-04,+4.000000E-04,+2.040000E+00
+3.383000E-04,-2.000000E-04,+4.800000E-04,+2.000000E+00
+3.384000E-04,-4.000000E-04,+6.400000E-04,+2.040000E+00
+3.385000E-04,-4.000000E-04,+5.600000E-04,+2.040000E+00
+3.386000E-04,-2.000000E-04,+4.800000E-04,+2.040000E+00
+3.387000E-04,+0.000000E+00,+4.800000E-04,+2.040000E+00
+3.388000E-04,-2.000000E-04,+6.400000E-04,+2.040000E+00
+3.389000E-04,-2.000000E-04,+7.200000E-04,+2.040000E+00
+3.390000E-04,-2.000000E-04,+6.400000E-04,+2.040000E+00
+3.391000E-04,+0.000000E+00,+4.800000E-04,+2.040000E+00
+3.392000E-04,+0.000000E+00,+4.000000E-04,+2.040000E+00
+3.393000E-04,-2.000000E-04,+5.600000E-04,+2.040000E+00
+3.394000E-04,-2.000000E-04,+7.200000E-04,+2.040000E+00
+3.395000E-04,+0.000000E+00,+7.200000E-04,+2.000000E+00
+3.396000E-04,+0.000000E+00,+6.400000E-04,+2.000000E+00
+3.397000E-04,+0.000000E+00,+4.800000E-04,+2.040000E+00
+3.398000E-04,+0.000000E+00,+5.600000E-04,+2.000000E+00
+3.399000E-04,+0.000000E+00,+5.600000E-04,+2.000000E+00
+3.400000E-04,+0.000000E+00,+5.600000E-04,+2.000000E+00
+3.401000E-04,+0.000000E+00,+4.000000E-04,+2.040000E+00
+3.402000E-04,+0.000000E+00,+3.200000E-04,+2.040000E+00
+3.403000E-04,+0.000000E+00,+4.000000E-04,+2.000000E+00
+3.404000E-04,+0.000000E+00,+4.000000E-04,+2.000000E+00
+3.405000E-04,+0.000000E+00,+4.000000E-04,+2.040000E+00
+3.406000E-04,+0.000000E+00,+4.800000E-04,+2.040000E+00
+3.407000E-04,+2.000000E-04,+4.000000E-04,+2.040000E+00
+3.408000E-04,+2.000000E-04,+3.200000E-04,+2.040000E+00
+3.409000E-04,+2.000000E-04,+4.000000E-04,+2.000000E+00
+3.410000E-04,+2.000000E-04,+3.200000E-04,+2.040000E+00
+3.411000E-04,+4.000000E-04,+2.400000E-04,+2.000000E+00
+3.412000E-04,+2.000000E-04,+2.400000E-04,+2.040000E+00
+3.413000E-04,+2.000000E-04,+4.000000E-04,+2.040000E+00
+3.414000E-04,+0.000000E+00,+2.400000E-04,+2.000000E+00
+3.415000E-04,+2.000000E-04,+1.600000E-04,+2.040000E+00
+3.416000E-04,+2.000000E-04,+1.600000E-04,+2.040000E+00
+3.417000E-04,+2.000000E-04,+2.400000E-04,+2.000000E+00
+3.418000E-04,+0.000000E+00,+2.400000E-04,+2.000000E+00
+3.419000E-04,+0.000000E+00,+8.000000E-05,+2.040000E+00
+3.420000E-04,+2.000000E-04,+0.000000E+00,+2.000000E+00
+3.421000E-04,+2.000000E-04,+0.000000E+00,+2.000000E+00
+3.422000E-04,+2.000000E-04,-1.600000E-04,+2.040000E+00
+3.423000E-04,+2.000000E-04,+0.000000E+00,+2.040000E+00
+3.424000E-04,+2.000000E-04,+1.600000E-04,+2.040000E+00
+3.425000E-04,+2.000000E-04,+0.000000E+00,+2.000000E+00
+3.426000E-04,+2.000000E-04,-3.200000E-04,+2.040000E+00
+3.427000E-04,+4.000000E-04,-2.400000E-04,+2.040000E+00
+3.428000E-04,+4.000000E-04,-4.000000E-04,+2.000000E+00
+3.429000E-04,+2.000000E-04,-8.000000E-05,+2.040000E+00
+3.430000E-04,+0.000000E+00,-2.400000E-04,+2.000000E+00
+3.431000E-04,+2.000000E-04,-2.400000E-04,+2.040000E+00
+3.432000E-04,+4.000000E-04,-4.000000E-04,+2.040000E+00
+3.433000E-04,+4.000000E-04,-4.000000E-04,+2.040000E+00
+3.434000E-04,+0.000000E+00,-4.000000E-04,+2.040000E+00
+3.435000E-04,+0.000000E+00,-2.400000E-04,+2.040000E+00
+3.436000E-04,+0.000000E+00,-4.000000E-04,+2.040000E+00
+3.437000E-04,+0.000000E+00,-3.200000E-04,+2.040000E+00
+3.438000E-04,+2.000000E-04,-6.400000E-04,+2.040000E+00
+3.439000E-04,+2.000000E-04,-6.400000E-04,+2.000000E+00
+3.440000E-04,+2.000000E-04,-6.400000E-04,+2.040000E+00
+3.441000E-04,+2.000000E-04,-5.600000E-04,+2.040000E+00
+3.442000E-04,+2.000000E-04,-6.400000E-04,+2.040000E+00
+3.443000E-04,+2.000000E-04,-6.400000E-04,+2.040000E+00
+3.444000E-04,+2.000000E-04,-7.200000E-04,+2.040000E+00
+3.445000E-04,+2.000000E-04,-8.799999E-04,+2.040000E+00
+3.446000E-04,+2.000000E-04,-9.600000E-04,+2.000000E+00
+3.447000E-04,+0.000000E+00,-8.000000E-04,+2.040000E+00
+3.448000E-04,+0.000000E+00,-6.400000E-04,+2.040000E+00
+3.449000E-04,+0.000000E+00,-6.400000E-04,+2.000000E+00
+3.450000E-04,+2.000000E-04,-8.799999E-04,+2.040000E+00
+3.451000E-04,+0.000000E+00,-8.799999E-04,+2.000000E+00
+3.452000E-04,+2.000000E-04,-8.799999E-04,+2.000000E+00
+3.453000E-04,+2.000000E-04,-8.799999E-04,+2.040000E+00
+3.454000E-04,+2.000000E-04,-8.799999E-04,+2.040000E+00
+3.455000E-04,+0.000000E+00,-7.200000E-04,+2.040000E+00
+3.456000E-04,+2.000000E-04,-9.600000E-04,+2.040000E+00
+3.457000E-04,+0.000000E+00,-1.040000E-03,+2.040000E+00
+3.458000E-04,+0.000000E+00,-1.040000E-03,+2.040000E+00
+3.459000E-04,+0.000000E+00,-1.120000E-03,+2.040000E+00
+3.460000E-04,+0.000000E+00,-1.040000E-03,+2.000000E+00
+3.461000E-04,+0.000000E+00,-9.600000E-04,+2.040000E+00
+3.462000E-04,+0.000000E+00,-1.120000E-03,+2.000000E+00
+3.463000E-04,+0.000000E+00,-1.040000E-03,+2.040000E+00
+3.464000E-04,+0.000000E+00,-1.200000E-03,+2.040000E+00
+3.465000E-04,+0.000000E+00,-1.200000E-03,+2.000000E+00
+3.466000E-04,+2.000000E-04,-1.200000E-03,+2.040000E+00
+3.467000E-04,-2.000000E-04,-9.600000E-04,+2.040000E+00
+3.468000E-04,-2.000000E-04,-8.799999E-04,+2.040000E+00
+3.469000E-04,+0.000000E+00,-1.040000E-03,+2.040000E+00
+3.470000E-04,+0.000000E+00,-1.120000E-03,+2.000000E+00
+3.471000E-04,+0.000000E+00,-1.200000E-03,+2.040000E+00
+3.472000E-04,+0.000000E+00,-1.040000E-03,+2.000000E+00
+3.473000E-04,-2.000000E-04,-8.799999E-04,+2.040000E+00
+3.474000E-04,+0.000000E+00,-9.600000E-04,+2.000000E+00
+3.475000E-04,+0.000000E+00,-1.120000E-03,+2.040000E+00
+3.476000E-04,+0.000000E+00,-1.280000E-03,+2.000000E+00
+3.477000E-04,+0.000000E+00,-1.120000E-03,+2.000000E+00
+3.478000E-04,+0.000000E+00,-8.799999E-04,+2.040000E+00
+3.479000E-04,-2.000000E-04,-8.799999E-04,+2.040000E+00
+3.480000E-04,+0.000000E+00,-8.000000E-04,+2.040000E+00
+3.481000E-04,+0.000000E+00,-1.120000E-03,+2.040000E+00
+3.482000E-04,+0.000000E+00,-1.200000E-03,+2.040000E+00
+3.483000E-04,+0.000000E+00,-1.120000E-03,+2.040000E+00
+3.484000E-04,-2.000000E-04,-8.799999E-04,+2.040000E+00
+3.485000E-04,-2.000000E-04,-9.600000E-04,+2.000000E+00
+3.486000E-04,-2.000000E-04,-8.799999E-04,+2.040000E+00
+3.487000E-04,+0.000000E+00,-1.040000E-03,+2.040000E+00
+3.488000E-04,+0.000000E+00,-1.040000E-03,+2.040000E+00
+3.489000E-04,-2.000000E-04,-8.799999E-04,+2.000000E+00
+3.490000E-04,-2.000000E-04,-8.000000E-04,+2.040000E+00
+3.491000E-04,+0.000000E+00,-8.799999E-04,+2.040000E+00
+3.492000E-04,+0.000000E+00,-7.200000E-04,+2.040000E+00
+3.493000E-04,-2.000000E-04,-8.000000E-04,+2.040000E+00
+3.494000E-04,-2.000000E-04,-7.200000E-04,+2.040000E+00
+3.495000E-04,-2.000000E-04,-5.600000E-04,+2.040000E+00
+3.496000E-04,+0.000000E+00,-6.400000E-04,+2.040000E+00
+3.497000E-04,-2.000000E-04,-6.400000E-04,+2.040000E+00
+3.498000E-04,-2.000000E-04,-4.800000E-04,+2.040000E+00
+3.499000E-04,-2.000000E-04,-5.600000E-04,+2.000000E+00
+3.500000E-04,-2.000000E-04,-4.800000E-04,+2.040000E+00
+3.501000E-04,+0.000000E+00,-7.200000E-04,+2.040000E+00
+3.502000E-04,-2.000000E-04,-5.600000E-04,+2.040000E+00
+3.503000E-04,+0.000000E+00,-5.600000E-04,+2.040000E+00
+3.504000E-04,-2.000000E-04,-4.800000E-04,+2.040000E+00
+3.505000E-04,-2.000000E-04,-6.400000E-04,+2.040000E+00
+3.506000E-04,-2.000000E-04,-4.000000E-04,+2.040000E+00
+3.507000E-04,+0.000000E+00,-4.000000E-04,+2.040000E+00
+3.508000E-04,+0.000000E+00,-2.400000E-04,+2.040000E+00
+3.509000E-04,-2.000000E-04,-2.400000E-04,+2.040000E+00
+3.510000E-04,-2.000000E-04,-1.600000E-04,+2.000000E+00
+3.511000E-04,+0.000000E+00,-1.600000E-04,+2.040000E+00
+3.512000E-04,-2.000000E-04,+0.000000E+00,+2.040000E+00
+3.513000E-04,-2.000000E-04,-8.000000E-05,+2.000000E+00
+3.514000E-04,-2.000000E-04,-1.600000E-04,+2.000000E+00
+3.515000E-04,+0.000000E+00,-2.400000E-04,+2.000000E+00
+3.516000E-04,-2.000000E-04,-8.000000E-05,+2.040000E+00
+3.517000E-04,-2.000000E-04,+0.000000E+00,+2.040000E+00
+3.518000E-04,-4.000000E-04,+8.000000E-05,+2.040000E+00
+3.519000E-04,+0.000000E+00,+8.000000E-05,+2.000000E+00
+3.520000E-04,+0.000000E+00,+0.000000E+00,+2.040000E+00
+3.521000E-04,+0.000000E+00,-8.000000E-05,+2.000000E+00
+3.522000E-04,-2.000000E-04,+8.000000E-05,+2.040000E+00
+3.523000E-04,+0.000000E+00,+2.400000E-04,+2.040000E+00
+3.524000E-04,-2.000000E-04,+3.200000E-04,+2.000000E+00
+3.525000E-04,+0.000000E+00,+1.600000E-04,+2.040000E+00
+3.526000E-04,-2.000000E-04,+1.600000E-04,+2.040000E+00
+3.527000E-04,+0.000000E+00,+8.000000E-05,+2.040000E+00
+3.528000E-04,+0.000000E+00,+1.600000E-04,+2.000000E+00
+3.529000E-04,+0.000000E+00,+4.000000E-04,+2.040000E+00
+3.530000E-04,-2.000000E-04,+4.000000E-04,+2.040000E+00
+3.531000E-04,-2.000000E-04,+4.000000E-04,+2.040000E+00
+3.532000E-04,-2.000000E-04,+2.400000E-04,+2.040000E+00
+3.533000E-04,+0.000000E+00,+3.200000E-04,+2.040000E+00
+3.534000E-04,+0.000000E+00,+4.000000E-04,+2.000000E+00
+3.535000E-04,-2.000000E-04,+6.400000E-04,+2.040000E+00
+3.536000E-04,-2.000000E-04,+4.000000E-04,+2.000000E+00
+3.537000E-04,-2.000000E-04,+4.800000E-04,+2.000000E+00
+3.538000E-04,-2.000000E-04,+4.800000E-04,+2.000000E+00
+3.539000E-04,-2.000000E-04,+4.800000E-04,+2.040000E+00
+3.540000E-04,-2.000000E-04,+4.000000E-04,+2.000000E+00
+3.541000E-04,+0.000000E+00,+4.800000E-04,+2.040000E+00
+3.542000E-04,-2.000000E-04,+3.200000E-04,+2.040000E+00
+3.543000E-04,-2.000000E-04,+6.400000E-04,+2.000000E+00
+3.544000E-04,-2.000000E-04,+6.400000E-04,+2.040000E+00
+3.545000E-04,+0.000000E+00,+5.600000E-04,+2.040000E+00
+3.546000E-04,+0.000000E+00,+4.000000E-04,+2.040000E+00
+3.547000E-04,-2.000000E-04,+5.600000E-04,+2.000000E+00
+3.548000E-04,-2.000000E-04,+5.600000E-04,+2.040000E+00
+3.549000E-04,-2.000000E-04,+8.799999E-04,+2.040000E+00
+3.550000E-04,+0.000000E+00,+5.600000E-04,+2.000000E+00
+3.551000E-04,-2.000000E-04,+5.600000E-04,+2.000000E+00
+3.552000E-04,-2.000000E-04,+6.400000E-04,+2.000000E+00
+3.553000E-04,-2.000000E-04,+7.200000E-04,+2.000000E+00
+3.554000E-04,+0.000000E+00,+4.800000E-04,+2.000000E+00
+3.555000E-04,-2.000000E-04,+6.400000E-04,+2.040000E+00
+3.556000E-04,-4.000000E-04,+5.600000E-04,+2.000000E+00
+3.557000E-04,-4.000000E-04,+6.400000E-04,+2.040000E+00
+3.558000E-04,+0.000000E+00,+4.800000E-04,+2.040000E+00
+3.559000E-04,-4.000000E-04,+4.800000E-04,+2.000000E+00
+3.560000E-04,-2.000000E-04,+4.000000E-04,+2.040000E+00
+3.561000E-04,-2.000000E-04,+4.800000E-04,+2.040000E+00
+3.562000E-04,-2.000000E-04,+3.200000E-04,+2.000000E+00
+3.563000E-04,-4.000000E-04,+4.800000E-04,+2.000000E+00
+3.564000E-04,-2.000000E-04,+5.600000E-04,+2.040000E+00
+3.565000E-04,-2.000000E-04,+4.000000E-04,+2.040000E+00
+3.566000E-04,+0.000000E+00,+3.200000E-04,+2.040000E+00
+3.567000E-04,-4.000000E-04,+4.800000E-04,+2.000000E+00
+3.568000E-04,-2.000000E-04,+5.600000E-04,+2.040000E+00
+3.569000E-04,-2.000000E-04,+5.600000E-04,+2.040000E+00
+3.570000E-04,-2.000000E-04,+2.400000E-04,+2.040000E+00
+3.571000E-04,-2.000000E-04,+1.600000E-04,+2.000000E+00
+3.572000E-04,-2.000000E-04,+2.400000E-04,+2.040000E+00
+3.573000E-04,-4.000000E-04,+3.200000E-04,+2.040000E+00
+3.574000E-04,-4.000000E-04,+4.800000E-04,+2.040000E+00
+3.575000E-04,-4.000000E-04,+3.200000E-04,+2.000000E+00
+3.576000E-04,-4.000000E-04,+1.600000E-04,+2.000000E+00
+3.577000E-04,-4.000000E-04,+8.000000E-05,+2.040000E+00
+3.578000E-04,-2.000000E-04,+2.400000E-04,+2.000000E+00
+3.579000E-04,-4.000000E-04,+8.000000E-05,+2.040000E+00
+3.580000E-04,-2.000000E-04,+8.000000E-05,+2.040000E+00
+3.581000E-04,-4.000000E-04,+1.600000E-04,+2.040000E+00
+3.582000E-04,-4.000000E-04,+1.600000E-04,+2.000000E+00
+3.583000E-04,-4.000000E-04,+0.000000E+00,+2.040000E+00
+3.584000E-04,-2.000000E-04,+8.000000E-05,+2.040000E+00
+3.585000E-04,-4.000000E-04,-1.600000E-04,+2.040000E+00
+3.586000E-04,-4.000000E-04,-8.000000E-05,+2.040000E+00
+3.587000E-04,-2.000000E-04,-1.600000E-04,+2.000000E+00
+3.588000E-04,-2.000000E-04,-2.400000E-04,+2.000000E+00
+3.589000E-04,-4.000000E-04,-1.600000E-04,+2.000000E+00
+3.590000E-04,-2.000000E-04,-8.000000E-05,+2.000000E+00
+3.591000E-04,-2.000000E-04,-2.400000E-04,+2.040000E+00
+3.592000E-04,-2.000000E-04,-1.600000E-04,+2.040000E+00
+3.593000E-04,-4.000000E-04,-2.400000E-04,+2.000000E+00
+3.594000E-04,-4.000000E-04,-8.000000E-05,+2.040000E+00
+3.595000E-04,-2.000000E-04,-1.600000E-04,+2.040000E+00
+3.596000E-04,-2.000000E-04,-3.200000E-04,+2.000000E+00
+3.597000E-04,-4.000000E-04,-4.800000E-04,+2.000000E+00
+3.598000E-04,-4.000000E-04,-2.400000E-04,+2.000000E+00
+3.599000E-04,-4.000000E-04,-3.200000E-04,+2.040000E+00
+3.600000E-04,-2.000000E-04,-4.000000E-04,+2.040000E+00
+3.601000E-04,-4.000000E-04,-5.600000E-04,+2.040000E+00
+3.602000E-04,-4.000000E-04,-6.400000E-04,+2.040000E+00
+3.603000E-04,-2.000000E-04,-7.200000E-04,+2.040000E+00
+3.604000E-04,-2.000000E-04,-6.400000E-04,+2.040000E+00
+3.605000E-04,-4.000000E-04,-7.200000E-04,+2.040000E+00
+3.606000E-04,-4.000000E-04,-6.400000E-04,+2.040000E+00
+3.607000E-04,+0.000000E+00,-8.000000E-04,+2.040000E+00
+3.608000E-04,-2.000000E-04,-8.000000E-04,+2.040000E+00
+3.609000E-04,-2.000000E-04,-6.400000E-04,+2.040000E+00
+3.610000E-04,-6.000000E-04,-5.600000E-04,+2.000000E+00
+3.611000E-04,-4.000000E-04,-7.200000E-04,+2.000000E+00
+3.612000E-04,-2.000000E-04,-7.200000E-04,+2.040000E+00
+3.613000E-04,-2.000000E-04,-8.799999E-04,+2.040000E+00
+3.614000E-04,-4.000000E-04,-9.600000E-04,+2.040000E+00
+3.615000E-04,-2.000000E-04,-7.200000E-04,+2.040000E+00
+3.616000E-04,-4.000000E-04,-6.400000E-04,+2.040000E+00
+3.617000E-04,-4.000000E-04,-7.200000E-04,+2.000000E+00
+3.618000E-04,-2.000000E-04,-7.200000E-04,+2.000000E+00
+3.619000E-04,-2.000000E-04,-9.600000E-04,+2.040000E+00
+3.620000E-04,-2.000000E-04,-8.799999E-04,+2.040000E+00
+3.621000E-04,-2.000000E-04,-9.600000E-04,+2.040000E+00
+3.622000E-04,-2.000000E-04,-8.799999E-04,+2.040000E+00
+3.623000E-04,+0.000000E+00,-8.799999E-04,+2.000000E+00
+3.624000E-04,+0.000000E+00,-9.600000E-04,+2.040000E+00
+3.625000E-04,-2.000000E-04,-1.040000E-03,+2.040000E+00
+3.626000E-04,-2.000000E-04,-8.799999E-04,+2.000000E+00
+3.627000E-04,-2.000000E-04,-9.600000E-04,+2.040000E+00
+3.628000E-04,-2.000000E-04,-9.600000E-04,+2.040000E+00
+3.629000E-04,+0.000000E+00,-8.799999E-04,+2.040000E+00
+3.630000E-04,+0.000000E+00,-9.600000E-04,+2.000000E+00
+3.631000E-04,-2.000000E-04,-8.799999E-04,+2.000000E+00
+3.632000E-04,-2.000000E-04,-8.000000E-04,+2.040000E+00
+3.633000E-04,+0.000000E+00,-8.000000E-04,+2.040000E+00
+3.634000E-04,+2.000000E-04,-9.600000E-04,+2.000000E+00
+3.635000E-04,+0.000000E+00,-8.000000E-04,+2.040000E+00
+3.636000E-04,-2.000000E-04,-8.000000E-04,+2.040000E+00
+3.637000E-04,+0.000000E+00,-8.799999E-04,+2.040000E+00
+3.638000E-04,+0.000000E+00,-8.799999E-04,+2.000000E+00
+3.639000E-04,+0.000000E+00,-8.799999E-04,+2.000000E+00
+3.640000E-04,+0.000000E+00,-8.799999E-04,+2.040000E+00
+3.641000E-04,+2.000000E-04,-8.799999E-04,+2.000000E+00
+3.642000E-04,+2.000000E-04,-9.600000E-04,+2.000000E+00
+3.643000E-04,+2.000000E-04,-9.600000E-04,+2.040000E+00
+3.644000E-04,+0.000000E+00,-8.000000E-04,+2.000000E+00
+3.645000E-04,+2.000000E-04,-8.799999E-04,+2.040000E+00
+3.646000E-04,+2.000000E-04,-8.799999E-04,+2.040000E+00
+3.647000E-04,+2.000000E-04,-8.000000E-04,+2.000000E+00
+3.648000E-04,+0.000000E+00,-8.000000E-04,+2.040000E+00
+3.649000E-04,+4.000000E-04,-7.200000E-04,+2.040000E+00
+3.650000E-04,+4.000000E-04,-8.799999E-04,+2.040000E+00
+3.651000E-04,+2.000000E-04,-6.400000E-04,+2.000000E+00
+3.652000E-04,+2.000000E-04,-5.600000E-04,+2.040000E+00
+3.653000E-04,+2.000000E-04,-6.400000E-04,+2.000000E+00
+3.654000E-04,+4.000000E-04,-8.000000E-04,+2.040000E+00
+3.655000E-04,+4.000000E-04,-6.400000E-04,+2.000000E+00
+3.656000E-04,+2.000000E-04,-7.200000E-04,+2.040000E+00
+3.657000E-04,+2.000000E-04,-5.600000E-04,+2.000000E+00
+3.658000E-04,+2.000000E-04,-5.600000E-04,+2.000000E+00
+3.659000E-04,+2.000000E-04,-4.800000E-04,+2.040000E+00
+3.660000E-04,+2.000000E-04,-5.600000E-04,+2.040000E+00
+3.661000E-04,+4.000000E-04,-6.400000E-04,+2.000000E+00
+3.662000E-04,+6.000000E-04,-7.200000E-04,+2.040000E+00
+3.663000E-04,+4.000000E-04,-4.800000E-04,+2.040000E+00
+3.664000E-04,+4.000000E-04,-4.000000E-04,+2.000000E+00
+3.665000E-04,+2.000000E-04,-5.600000E-04,+2.040000E+00
+3.666000E-04,+4.000000E-04,-4.800000E-04,+2.040000E+00
+3.667000E-04,+4.000000E-04,-3.200000E-04,+2.040000E+00
+3.668000E-04,+4.000000E-04,-3.200000E-04,+2.000000E+00
+3.669000E-04,+4.000000E-04,-2.400000E-04,+2.040000E+00
+3.670000E-04,+4.000000E-04,-3.200000E-04,+2.000000E+00
+3.671000E-04,+4.000000E-04,-3.200000E-04,+2.040000E+00
+3.672000E-04,+6.000000E-04,-2.400000E-04,+2.040000E+00
+3.673000E-04,+4.000000E-04,-3.200000E-04,+2.000000E+00
+3.674000E-04,+4.000000E-04,-3.200000E-04,+2.040000E+00
+3.675000E-04,+4.000000E-04,-1.600000E-04,+2.040000E+00
+3.676000E-04,+2.000000E-04,-2.400000E-04,+2.040000E+00
+3.677000E-04,+0.000000E+00,-8.000000E-05,+2.040000E+00
+3.678000E-04,+4.000000E-04,-8.000000E-05,+2.040000E+00
+3.679000E-04,+4.000000E-04,-1.600000E-04,+2.000000E+00
+3.680000E-04,+4.000000E-04,-3.200000E-04,+2.000000E+00
+3.681000E-04,+2.000000E-04,-2.400000E-04,+2.000000E+00
+3.682000E-04,+2.000000E-04,-8.000000E-05,+2.000000E+00
+3.683000E-04,+4.000000E-04,-8.000000E-05,+2.040000E+00
+3.684000E-04,+4.000000E-04,-8.000000E-05,+2.040000E+00
+3.685000E-04,+2.000000E-04,-8.000000E-05,+2.000000E+00
+3.686000E-04,+2.000000E-04,-8.000000E-05,+2.040000E+00
+3.687000E-04,+4.000000E-04,-8.000000E-05,+2.040000E+00
+3.688000E-04,+4.000000E-04,-8.000000E-05,+2.000000E+00
+3.689000E-04,+2.000000E-04,+1.600000E-04,+2.040000E+00
+3.690000E-04,+0.000000E+00,+2.400000E-04,+2.000000E+00
+3.691000E-04,+2.000000E-04,+8.000000E-05,+2.000000E+00
+3.692000E-04,+4.000000E-04,+0.000000E+00,+2.040000E+00
+3.693000E-04,+2.000000E-04,+1.600000E-04,+2.040000E+00
+3.694000E-04,+0.000000E+00,+1.600000E-04,+2.000000E+00
+3.695000E-04,+4.000000E-04,+2.400000E-04,+2.000000E+00
+3.696000E-04,+2.000000E-04,+8.000000E-05,+2.040000E+00
+3.697000E-04,+0.000000E+00,+1.600000E-04,+2.000000E+00
+3.698000E-04,+0.000000E+00,+3.200000E-04,+2.000000E+00
+3.699000E-04,+0.000000E+00,+2.400000E-04,+2.000000E+00
+3.700000E-04,+2.000000E-04,+2.400000E-04,+2.040000E+00
+3.701000E-04,+0.000000E+00,+3.200000E-04,+2.040000E+00
+3.702000E-04,+0.000000E+00,+2.400000E-04,+2.000000E+00
+3.703000E-04,+2.000000E-04,+8.000000E-05,+2.040000E+00
+3.704000E-04,+2.000000E-04,+3.200000E-04,+2.040000E+00
+3.705000E-04,+0.000000E+00,+2.400000E-04,+2.040000E+00
+3.706000E-04,+0.000000E+00,+4.000000E-04,+2.000000E+00
+3.707000E-04,+0.000000E+00,+2.400000E-04,+2.040000E+00
+3.708000E-04,+0.000000E+00,+2.400000E-04,+2.040000E+00
+3.709000E-04,+0.000000E+00,+1.600000E-04,+2.000000E+00
+3.710000E-04,+0.000000E+00,+3.200000E-04,+2.040000E+00
+3.711000E-04,+0.000000E+00,+2.400000E-04,+2.040000E+00
+3.712000E-04,-2.000000E-04,+5.600000E-04,+2.040000E+00
+3.713000E-04,-2.000000E-04,+4.800000E-04,+2.040000E+00
+3.714000E-04,-2.000000E-04,+3.200000E-04,+2.040000E+00
+3.715000E-04,-2.000000E-04,+4.000000E-04,+2.000000E+00
+3.716000E-04,-2.000000E-04,+2.400000E-04,+2.000000E+00
+3.717000E-04,+0.000000E+00,+3.200000E-04,+2.040000E+00
+3.718000E-04,-2.000000E-04,+4.000000E-04,+2.000000E+00
+3.719000E-04,-4.000000E-04,+2.400000E-04,+2.000000E+00
+3.720000E-04,-4.000000E-04,+1.600000E-04,+2.040000E+00
+3.721000E-04,-4.000000E-04,+8.000000E-05,+2.040000E+00
+3.722000E-04,-4.000000E-04,+2.400000E-04,+2.040000E+00
+3.723000E-04,-4.000000E-04,+2.400000E-04,+2.040000E+00
+3.724000E-04,-4.000000E-04,+2.400000E-04,+2.040000E+00
+3.725000E-04,-4.000000E-04,+8.000000E-05,+2.000000E+00
+3.726000E-04,-4.000000E-04,+1.600000E-04,+2.040000E+00
+3.727000E-04,-6.000000E-04,+1.600000E-04,+2.040000E+00
+3.728000E-04,-4.000000E-04,+3.200000E-04,+2.040000E+00
+3.729000E-04,-2.000000E-04,+1.600000E-04,+2.040000E+00
+3.730000E-04,-6.000000E-04,+1.600000E-04,+2.040000E+00
+3.731000E-04,-6.000000E-04,+1.600000E-04,+2.000000E+00
+3.732000E-04,-6.000000E-04,+8.000000E-05,+2.000000E+00
+3.733000E-04,-4.000000E-04,+2.400000E-04,+2.040000E+00
+3.734000E-04,-4.000000E-04,+1.600000E-04,+2.040000E+00
+3.735000E-04,-6.000000E-04,+8.000000E-05,+2.000000E+00
+3.736000E-04,-6.000000E-04,+0.000000E+00,+2.040000E+00
+3.737000E-04,-6.000000E-04,+1.600000E-04,+2.040000E+00
+3.738000E-04,-6.000000E-04,+8.000000E-05,+2.040000E+00
+3.739000E-04,-6.000000E-04,+8.000000E-05,+2.040000E+00
+3.740000E-04,-6.000000E-04,+0.000000E+00,+2.040000E+00
+3.741000E-04,-8.000000E-04,+8.000000E-05,+2.040000E+00
+3.742000E-04,-8.000000E-04,+8.000000E-05,+2.040000E+00
+3.743000E-04,-8.000000E-04,+1.600000E-04,+2.000000E+00
+3.744000E-04,-6.000000E-04,-8.000000E-05,+2.000000E+00
+3.745000E-04,-6.000000E-04,-1.600000E-04,+2.040000E+00
+3.746000E-04,-6.000000E-04,-1.600000E-04,+2.040000E+00
+3.747000E-04,-8.000000E-04,-8.000000E-05,+2.000000E+00
+3.748000E-04,-8.000000E-04,-1.600000E-04,+2.040000E+00
+3.749000E-04,-6.000000E-04,-1.600000E-04,+2.000000E+00
+3.750000E-04,-6.000000E-04,-1.600000E-04,+2.040000E+00
+3.751000E-04,-8.000000E-04,-8.000000E-05,+2.040000E+00
+3.752000E-04,-8.000000E-04,-1.600000E-04,+2.000000E+00
+3.753000E-04,-6.000000E-04,-1.600000E-04,+2.040000E+00
+3.754000E-04,-6.000000E-04,-2.400000E-04,+2.000000E+00
+3.755000E-04,-6.000000E-04,-8.000000E-05,+2.040000E+00
+3.756000E-04,-6.000000E-04,-2.400000E-04,+2.040000E+00
+3.757000E-04,-8.000000E-04,-1.600000E-04,+2.000000E+00
+3.758000E-04,-6.000000E-04,-2.400000E-04,+2.000000E+00
+3.759000E-04,-6.000000E-04,-2.400000E-04,+2.040000E+00
+3.760000E-04,-6.000000E-04,-2.400000E-04,+2.040000E+00
+3.761000E-04,-6.000000E-04,-3.200000E-04,+2.040000E+00
+3.762000E-04,-6.000000E-04,-4.000000E-04,+2.040000E+00
+3.763000E-04,-6.000000E-04,-4.000000E-04,+2.000000E+00
+3.764000E-04,-6.000000E-04,-4.000000E-04,+2.040000E+00
+3.765000E-04,-8.000000E-04,-4.800000E-04,+2.000000E+00
+3.766000E-04,-6.000000E-04,-2.400000E-04,+2.040000E+00
+3.767000E-04,-6.000000E-04,-3.200000E-04,+2.040000E+00
+3.768000E-04,-6.000000E-04,-4.000000E-04,+2.000000E+00
+3.769000E-04,-6.000000E-04,-4.800000E-04,+2.000000E+00
+3.770000E-04,-6.000000E-04,-4.800000E-04,+2.040000E+00
+3.771000E-04,-6.000000E-04,-4.000000E-04,+2.040000E+00
+3.772000E-04,-4.000000E-04,-3.200000E-04,+2.040000E+00
+3.773000E-04,-4.000000E-04,-4.800000E-04,+2.040000E+00
+3.774000E-04,-4.000000E-04,-4.800000E-04,+2.040000E+00
+3.775000E-04,-4.000000E-04,-5.600000E-04,+2.040000E+00
+3.776000E-04,-4.000000E-04,-5.600000E-04,+2.040000E+00
+3.777000E-04,-6.000000E-04,-3.200000E-04,+2.000000E+00
+3.778000E-04,-4.000000E-04,-4.000000E-04,+2.000000E+00
+3.779000E-04,-2.000000E-04,-4.800000E-04,+2.040000E+00
+3.780000E-04,-4.000000E-04,-6.400000E-04,+2.040000E+00
+3.781000E-04,-4.000000E-04,-5.600000E-04,+2.000000E+00
+3.782000E-04,-4.000000E-04,-5.600000E-04,+2.040000E+00
+3.783000E-04,-2.000000E-04,-5.600000E-04,+2.040000E+00
+3.784000E-04,-2.000000E-04,-5.600000E-04,+2.040000E+00
+3.785000E-04,-4.000000E-04,-6.400000E-04,+2.040000E+00
+3.786000E-04,-2.000000E-04,-5.600000E-04,+2.040000E+00
+3.787000E-04,-2.000000E-04,-6.400000E-04,+2.000000E+00
+3.788000E-04,-2.000000E-04,-6.400000E-04,+2.000000E+00
+3.789000E-04,-2.000000E-04,-5.600000E-04,+2.040000E+00
+3.790000E-04,-2.000000E-04,-5.600000E-04,+2.000000E+00
+3.791000E-04,-2.000000E-04,-7.200000E-04,+2.000000E+00
+3.792000E-04,-2.000000E-04,-4.800000E-04,+2.000000E+00
+3.793000E-04,-2.000000E-04,-4.800000E-04,+2.040000E+00
+3.794000E-04,+0.000000E+00,-4.000000E-04,+2.040000E+00
+3.795000E-04,+0.000000E+00,-5.600000E-04,+2.040000E+00
+3.796000E-04,+0.000000E+00,-6.400000E-04,+2.040000E+00
+3.797000E-04,+0.000000E+00,-7.200000E-04,+2.040000E+00
+3.798000E-04,+0.000000E+00,-5.600000E-04,+2.040000E+00
+3.799000E-04,+0.000000E+00,-4.000000E-04,+2.000000E+00
+3.800000E-04,+0.000000E+00,-3.200000E-04,+2.040000E+00
+3.801000E-04,+2.000000E-04,-4.800000E-04,+2.040000E+00
+3.802000E-04,+2.000000E-04,-5.600000E-04,+2.040000E+00
+3.803000E-04,+2.000000E-04,-6.400000E-04,+2.040000E+00
+3.804000E-04,+2.000000E-04,-4.800000E-04,+2.040000E+00
+3.805000E-04,+4.000000E-04,-5.600000E-04,+2.040000E+00
+3.806000E-04,+2.000000E-04,-4.800000E-04,+2.000000E+00
+3.807000E-04,+4.000000E-04,-7.200000E-04,+2.040000E+00
+3.808000E-04,+2.000000E-04,-6.400000E-04,+2.040000E+00
+3.809000E-04,+4.000000E-04,-5.600000E-04,+2.040000E+00
+3.810000E-04,+2.000000E-04,-4.800000E-04,+2.000000E+00
+3.811000E-04,+2.000000E-04,-4.000000E-04,+2.040000E+00
+3.812000E-04,+2.000000E-04,-4.000000E-04,+2.040000E+00
+3.813000E-04,+4.000000E-04,-5.600000E-04,+2.000000E+00
+3.814000E-04,+4.000000E-04,-4.800000E-04,+2.000000E+00
+3.815000E-04,+4.000000E-04,-3.200000E-04,+2.040000E+00
+3.816000E-04,+4.000000E-04,-4.000000E-04,+2.040000E+00
+3.817000E-04,+6.000000E-04,-4.800000E-04,+2.040000E+00
+3.818000E-04,+6.000000E-04,-4.000000E-04,+2.040000E+00
+3.819000E-04,+6.000000E-04,-4.000000E-04,+2.000000E+00
+3.820000E-04,+2.000000E-04,-3.200000E-04,+2.040000E+00
+3.821000E-04,+4.000000E-04,-3.200000E-04,+2.040000E+00
+3.822000E-04,+4.000000E-04,-4.800000E-04,+2.040000E+00
+3.823000E-04,+6.000000E-04,-4.000000E-04,+2.040000E+00
+3.824000E-04,+4.000000E-04,-5.600000E-04,+2.040000E+00
+3.825000E-04,+6.000000E-04,-4.000000E-04,+2.040000E+00
+3.826000E-04,+4.000000E-04,-3.200000E-04,+2.000000E+00
+3.827000E-04,+4.000000E-04,-3.200000E-04,+2.040000E+00
+3.828000E-04,+6.000000E-04,-4.000000E-04,+2.040000E+00
+3.829000E-04,+6.000000E-04,-4.000000E-04,+2.040000E+00
+3.830000E-04,+6.000000E-04,-4.000000E-04,+2.040000E+00
+3.831000E-04,+6.000000E-04,-4.000000E-04,+2.040000E+00
+3.832000E-04,+4.000000E-04,-4.000000E-04,+2.000000E+00
+3.833000E-04,+6.000000E-04,-2.400000E-04,+2.040000E+00
+3.834000E-04,+6.000000E-04,-4.000000E-04,+2.000000E+00
+3.835000E-04,+6.000000E-04,-3.200000E-04,+2.040000E+00
+3.836000E-04,+4.000000E-04,-4.000000E-04,+2.000000E+00
+3.837000E-04,+4.000000E-04,-2.400000E-04,+2.040000E+00
+3.838000E-04,+6.000000E-04,-2.400000E-04,+2.040000E+00
+3.839000E-04,+4.000000E-04,-2.400000E-04,+2.040000E+00
+3.840000E-04,+4.000000E-04,-4.000000E-04,+2.000000E+00
+3.841000E-04,+4.000000E-04,-2.400000E-04,+2.040000E+00
+3.842000E-04,+6.000000E-04,-3.200000E-04,+2.000000E+00
+3.843000E-04,+4.000000E-04,-1.600000E-04,+2.040000E+00
+3.844000E-04,+4.000000E-04,-1.600000E-04,+2.040000E+00
+3.845000E-04,+2.000000E-04,-8.000000E-05,+2.040000E+00
+3.846000E-04,+6.000000E-04,-3.200000E-04,+2.040000E+00
+3.847000E-04,+6.000000E-04,-4.000000E-04,+2.040000E+00
+3.848000E-04,+4.000000E-04,-4.000000E-04,+2.000000E+00
+3.849000E-04,+2.000000E-04,-1.600000E-04,+2.040000E+00
+3.850000E-04,+4.000000E-04,-1.600000E-04,+2.040000E+00
+3.851000E-04,+2.000000E-04,-8.000000E-05,+2.040000E+00
+3.852000E-04,+4.000000E-04,-2.400000E-04,+2.000000E+00
+3.853000E-04,+4.000000E-04,-2.400000E-04,+2.000000E+00
+3.854000E-04,+4.000000E-04,-2.400000E-04,+2.040000E+00
+3.855000E-04,+2.000000E-04,-1.600000E-04,+2.040000E+00
+3.856000E-04,+2.000000E-04,-1.600000E-04,+2.040000E+00
+3.857000E-04,+2.000000E-04,-1.600000E-04,+2.040000E+00
+3.858000E-04,+4.000000E-04,-2.400000E-04,+2.000000E+00
+3.859000E-04,+4.000000E-04,-3.200000E-04,+2.040000E+00
+3.860000E-04,+2.000000E-04,-2.400000E-04,+2.040000E+00
+3.861000E-04,+0.000000E+00,+0.000000E+00,+2.040000E+00
+3.862000E-04,+2.000000E-04,-8.000000E-05,+2.040000E+00
+3.863000E-04,+2.000000E-04,-1.600000E-04,+2.040000E+00
+3.864000E-04,+0.000000E+00,-1.600000E-04,+2.000000E+00
+3.865000E-04,+0.000000E+00,+0.000000E+00,+2.040000E+00
+3.866000E-04,+2.000000E-04,+0.000000E+00,+2.040000E+00
+3.867000E-04,+0.000000E+00,-1.600000E-04,+2.040000E+00
+3.868000E-04,+0.000000E+00,-1.600000E-04,+2.040000E+00
+3.869000E-04,+0.000000E+00,-1.600000E-04,+2.040000E+00
+3.870000E-04,+0.000000E+00,-2.400000E-04,+2.000000E+00
+3.871000E-04,+0.000000E+00,-1.600000E-04,+2.040000E+00
+3.872000E-04,+0.000000E+00,+0.000000E+00,+2.040000E+00
+3.873000E-04,+0.000000E+00,-2.400000E-04,+2.000000E+00
+3.874000E-04,+2.000000E-04,-3.200000E-04,+2.040000E+00
+3.875000E-04,-2.000000E-04,-2.400000E-04,+2.040000E+00
+3.876000E-04,-2.000000E-04,-8.000000E-05,+2.040000E+00
+3.877000E-04,-2.000000E-04,-8.000000E-05,+2.040000E+00
+3.878000E-04,+0.000000E+00,-1.600000E-04,+2.000000E+00
+3.879000E-04,-2.000000E-04,-2.400000E-04,+2.000000E+00
+3.880000E-04,-4.000000E-04,+0.000000E+00,+2.040000E+00
+3.881000E-04,-4.000000E-04,+0.000000E+00,+2.040000E+00
+3.882000E-04,-4.000000E-04,+0.000000E+00,+2.040000E+00
+3.883000E-04,-4.000000E-04,-1.600000E-04,+2.040000E+00
+3.884000E-04,-2.000000E-04,-8.000000E-05,+2.040000E+00
+3.885000E-04,-4.000000E-04,-2.400000E-04,+2.040000E+00
+3.886000E-04,-6.000000E-04,+0.000000E+00,+2.040000E+00
+3.887000E-04,-6.000000E-04,-8.000000E-05,+2.000000E+00
+3.888000E-04,-4.000000E-04,-8.000000E-05,+2.000000E+00
+3.889000E-04,-4.000000E-04,-2.400000E-04,+2.000000E+00
+3.890000E-04,-6.000000E-04,+0.000000E+00,+2.040000E+00
+3.891000E-04,-4.000000E-04,-2.400000E-04,+2.040000E+00
+3.892000E-04,-4.000000E-04,-1.600000E-04,+2.040000E+00
+3.893000E-04,-4.000000E-04,-2.400000E-04,+2.040000E+00
+3.894000E-04,-6.000000E-04,-8.000000E-05,+2.040000E+00
+3.895000E-04,-6.000000E-04,-3.200000E-04,+2.040000E+00
+3.896000E-04,-6.000000E-04,-1.600000E-04,+2.000000E+00
+3.897000E-04,-6.000000E-04,-1.600000E-04,+2.000000E+00
+3.898000E-04,-6.000000E-04,+0.000000E+00,+2.040000E+00
+3.899000E-04,-6.000000E-04,-8.000000E-05,+2.040000E+00
+3.900000E-04,-6.000000E-04,+0.000000E+00,+2.040000E+00
+3.901000E-04,-6.000000E-04,-3.200000E-04,+2.040000E+00
+3.902000E-04,-6.000000E-04,-2.400000E-04,+2.040000E+00
+3.903000E-04,-6.000000E-04,-2.400000E-04,+2.040000E+00
+3.904000E-04,-6.000000E-04,-1.600000E-04,+2.040000E+00
+3.905000E-04,-8.000000E-04,-1.600000E-04,+2.040000E+00
+3.906000E-04,-8.000000E-04,-8.000000E-05,+2.040000E+00
+3.907000E-04,-6.000000E-04,-1.600000E-04,+2.040000E+00
+3.908000E-04,-8.000000E-04,-8.000000E-05,+2.000000E+00
+3.909000E-04,-8.000000E-04,-8.000000E-05,+2.040000E+00
+3.910000E-04,-8.000000E-04,-1.600000E-04,+2.000000E+00
+3.911000E-04,-6.000000E-04,-3.200000E-04,+2.040000E+00
+3.912000E-04,-8.000000E-04,-2.400000E-04,+2.040000E+00
+3.913000E-04,-8.000000E-04,-1.600000E-04,+2.000000E+00
+3.914000E-04,-9.999999E-04,-8.000000E-05,+2.000000E+00
+3.915000E-04,-6.000000E-04,-1.600000E-04,+2.040000E+00
+3.916000E-04,-8.000000E-04,-1.600000E-04,+2.000000E+00
+3.917000E-04,-6.000000E-04,-8.000000E-05,+2.040000E+00
+3.918000E-04,-8.000000E-04,-8.000000E-05,+2.040000E+00
+3.919000E-04,-6.000000E-04,-1.600000E-04,+2.040000E+00
+3.920000E-04,-6.000000E-04,-2.400000E-04,+2.000000E+00
+3.921000E-04,-6.000000E-04,-1.600000E-04,+2.040000E+00
+3.922000E-04,-8.000000E-04,-8.000000E-05,+2.000000E+00
+3.923000E-04,-6.000000E-04,+0.000000E+00,+2.040000E+00
+3.924000E-04,-6.000000E-04,-1.600000E-04,+2.040000E+00
+3.925000E-04,-8.000000E-04,-8.000000E-05,+2.000000E+00
+3.926000E-04,-8.000000E-04,-1.600000E-04,+2.000000E+00
+3.927000E-04,-6.000000E-04,-8.000000E-05,+2.000000E+00
+3.928000E-04,-6.000000E-04,-1.600000E-04,+2.040000E+00
+3.929000E-04,-6.000000E-04,-8.000000E-05,+2.040000E+00
+3.930000E-04,-6.000000E-04,-1.600000E-04,+2.040000E+00
+3.931000E-04,-6.000000E-04,-2.400000E-04,+2.040000E+00
+3.932000E-04,-6.000000E-04,-2.400000E-04,+2.000000E+00
+3.933000E-04,-6.000000E-04,-1.600000E-04,+2.040000E+00
+3.934000E-04,-6.000000E-04,-1.600000E-04,+2.040000E+00
+3.935000E-04,-6.000000E-04,+0.000000E+00,+2.040000E+00
+3.936000E-04,-4.000000E-04,-1.600000E-04,+2.040000E+00
+3.937000E-04,-4.000000E-04,-1.600000E-04,+2.040000E+00
+3.938000E-04,-4.000000E-04,-2.400000E-04,+2.000000E+00
+3.939000E-04,-4.000000E-04,-1.600000E-04,+2.040000E+00
+3.940000E-04,-4.000000E-04,-2.400000E-04,+2.040000E+00
+3.941000E-04,-4.000000E-04,-8.000000E-05,+2.040000E+00
+3.942000E-04,-4.000000E-04,-1.600000E-04,+2.000000E+00
+3.943000E-04,-4.000000E-04,+0.000000E+00,+2.040000E+00
+3.944000E-04,-4.000000E-04,-8.000000E-05,+2.040000E+00
+3.945000E-04,-2.000000E-04,-1.600000E-04,+2.040000E+00
+3.946000E-04,-2.000000E-04,-3.200000E-04,+2.000000E+00
+3.947000E-04,-4.000000E-04,-1.600000E-04,+2.000000E+00
+3.948000E-04,-4.000000E-04,-1.600000E-04,+2.000000E+00
+3.949000E-04,-4.000000E-04,-8.000000E-05,+2.000000E+00
+3.950000E-04,-2.000000E-04,-2.400000E-04,+2.040000E+00
+3.951000E-04,-2.000000E-04,-8.000000E-05,+2.040000E+00
+3.952000E-04,-2.000000E-04,-1.600000E-04,+2.040000E+00
+3.953000E-04,-2.000000E-04,-1.600000E-04,+2.000000E+00
+3.954000E-04,+0.000000E+00,-1.600000E-04,+2.040000E+00
+3.955000E-04,-2.000000E-04,-8.000000E-05,+2.040000E+00
+3.956000E-04,+0.000000E+00,-1.600000E-04,+2.000000E+00
+3.957000E-04,+0.000000E+00,-8.000000E-05,+2.000000E+00
+3.958000E-04,+0.000000E+00,-8.000000E-05,+2.000000E+00
+3.959000E-04,-2.000000E-04,-1.600000E-04,+2.040000E+00
+3.960000E-04,+0.000000E+00,-1.600000E-04,+2.040000E+00
+3.961000E-04,+0.000000E+00,-1.600000E-04,+2.000000E+00
+3.962000E-04,+2.000000E-04,-3.200000E-04,+2.000000E+00
+3.963000E-04,+0.000000E+00,-1.600000E-04,+2.040000E+00
+3.964000E-04,+0.000000E+00,-8.000000E-05,+2.040000E+00
+3.965000E-04,+0.000000E+00,-8.000000E-05,+2.000000E+00
+3.966000E-04,+2.000000E-04,-1.600000E-04,+2.000000E+00
+3.967000E-04,+0.000000E+00,-1.600000E-04,+2.040000E+00
+3.968000E-04,+2.000000E-04,-1.600000E-04,+2.040000E+00
+3.969000E-04,+0.000000E+00,+0.000000E+00,+2.040000E+00
+3.970000E-04,+2.000000E-04,-8.000000E-05,+2.040000E+00
+3.971000E-04,+2.000000E-04,-2.400000E-04,+2.000000E+00
+3.972000E-04,+4.000000E-04,-2.400000E-04,+2.000000E+00
+3.973000E-04,+4.000000E-04,-4.000000E-04,+2.040000E+00
+3.974000E-04,+4.000000E-04,-2.400000E-04,+2.040000E+00
+3.975000E-04,+2.000000E-04,-2.400000E-04,+2.000000E+00
+3.976000E-04,+2.000000E-04,-3.200000E-04,+2.040000E+00
+3.977000E-04,+4.000000E-04,-3.200000E-04,+2.040000E+00
+3.978000E-04,+4.000000E-04,-3.200000E-04,+2.040000E+00
+3.979000E-04,+2.000000E-04,-4.000000E-04,+2.000000E+00
+3.980000E-04,+2.000000E-04,-2.400000E-04,+2.000000E+00
+3.981000E-04,+4.000000E-04,-2.400000E-04,+2.000000E+00
+3.982000E-04,+4.000000E-04,-8.000000E-05,+2.000000E+00
+3.983000E-04,+4.000000E-04,-3.200000E-04,+2.000000E+00
+3.984000E-04,+4.000000E-04,-1.600000E-04,+2.040000E+00
+3.985000E-04,+4.000000E-04,-1.600000E-04,+2.000000E+00
+3.986000E-04,+4.000000E-04,-8.000000E-05,+2.040000E+00
+3.987000E-04,+4.000000E-04,-3.200000E-04,+2.040000E+00
+3.988000E-04,+4.000000E-04,-2.400000E-04,+2.040000E+00
+3.989000E-04,+4.000000E-04,-3.200000E-04,+2.000000E+00
+3.990000E-04,+4.000000E-04,-2.400000E-04,+2.040000E+00
+3.991000E-04,+6.000000E-04,-3.200000E-04,+2.040000E+00
+3.992000E-04,+4.000000E-04,-1.600000E-04,+2.040000E+00
+3.993000E-04,+4.000000E-04,-4.000000E-04,+2.000000E+00
+3.994000E-04,+6.000000E-04,-2.400000E-04,+2.040000E+00
+3.995000E-04,+6.000000E-04,-3.200000E-04,+2.040000E+00
+3.996000E-04,+4.000000E-04,-2.400000E-04,+2.040000E+00
+3.997000E-04,+6.000000E-04,-4.800000E-04,+2.040000E+00
+3.998000E-04,+6.000000E-04,-3.200000E-04,+2.000000E+00
+3.999000E-04,+6.000000E-04,-4.800000E-04,+2.000000E+00
+4.000000E-04,+4.000000E-04,-3.200000E-04,+2.040000E+00
+4.001000E-04,+2.000000E-04,-2.400000E-04,+2.040000E+00
+4.002000E-04,+4.000000E-04,-2.400000E-04,+2.000000E+00
+4.003000E-04,+6.000000E-04,-4.000000E-04,+2.000000E+00
+4.004000E-04,+4.000000E-04,-5.600000E-04,+2.040000E+00
+4.005000E-04,+4.000000E-04,-4.800000E-04,+2.040000E+00
+4.006000E-04,+2.000000E-04,-2.400000E-04,+2.040000E+00
+4.007000E-04,+4.000000E-04,-3.200000E-04,+2.040000E+00
+4.008000E-04,+4.000000E-04,-2.400000E-04,+2.000000E+00
+4.009000E-04,+4.000000E-04,-4.800000E-04,+2.040000E+00
+4.010000E-04,+4.000000E-04,-5.600000E-04,+2.040000E+00
+4.011000E-04,+4.000000E-04,-5.600000E-04,+2.040000E+00
+4.012000E-04,+2.000000E-04,-3.200000E-04,+2.040000E+00
+4.013000E-04,+2.000000E-04,-3.200000E-04,+2.000000E+00
+4.014000E-04,+2.000000E-04,-4.800000E-04,+2.040000E+00
+4.015000E-04,+4.000000E-04,-5.600000E-04,+2.040000E+00
+4.016000E-04,+4.000000E-04,-5.600000E-04,+2.040000E+00
+4.017000E-04,+2.000000E-04,-4.000000E-04,+2.040000E+00
+4.018000E-04,+2.000000E-04,-2.400000E-04,+2.040000E+00
+4.019000E-04,+4.000000E-04,-4.000000E-04,+2.040000E+00
+4.020000E-04,+4.000000E-04,-4.800000E-04,+2.040000E+00
+4.021000E-04,+4.000000E-04,-6.400000E-04,+2.000000E+00
+4.022000E-04,+2.000000E-04,-5.600000E-04,+2.040000E+00
+4.023000E-04,+4.000000E-04,-4.000000E-04,+2.040000E+00
+4.024000E-04,+0.000000E+00,-3.200000E-04,+2.000000E+00
+4.025000E-04,+2.000000E-04,-4.000000E-04,+2.040000E+00
+4.026000E-04,+0.000000E+00,-5.600000E-04,+2.040000E+00
+4.027000E-04,+4.000000E-04,-6.400000E-04,+2.000000E+00
+4.028000E-04,+2.000000E-04,-5.600000E-04,+2.040000E+00
+4.029000E-04,+2.000000E-04,-4.800000E-04,+2.040000E+00
+4.030000E-04,+0.000000E+00,-5.600000E-04,+2.040000E+00
+4.031000E-04,+0.000000E+00,-4.000000E-04,+2.040000E+00
+4.032000E-04,+0.000000E+00,-4.800000E-04,+2.040000E+00
+4.033000E-04,+0.000000E+00,-4.800000E-04,+2.000000E+00
+4.034000E-04,+0.000000E+00,-5.600000E-04,+2.040000E+00
+4.035000E-04,+0.000000E+00,-5.600000E-04,+2.000000E+00
+4.036000E-04,+0.000000E+00,-6.400000E-04,+2.040000E+00
+4.037000E-04,+0.000000E+00,-4.800000E-04,+2.000000E+00
+4.038000E-04,-2.000000E-04,-4.000000E-04,+2.040000E+00
+4.039000E-04,-2.000000E-04,-4.800000E-04,+2.000000E+00
+4.040000E-04,-2.000000E-04,-5.600000E-04,+2.040000E+00
+4.041000E-04,-2.000000E-04,-4.800000E-04,+2.000000E+00
+4.042000E-04,-2.000000E-04,-5.600000E-04,+2.040000E+00
+4.043000E-04,-2.000000E-04,-4.000000E-04,+2.040000E+00
+4.044000E-04,-2.000000E-04,-5.600000E-04,+2.040000E+00
+4.045000E-04,-4.000000E-04,-2.400000E-04,+2.040000E+00
+4.046000E-04,-4.000000E-04,-4.800000E-04,+2.040000E+00
+4.047000E-04,-2.000000E-04,-4.000000E-04,+2.040000E+00
+4.048000E-04,-2.000000E-04,-6.400000E-04,+2.040000E+00
+4.049000E-04,-2.000000E-04,-4.800000E-04,+2.040000E+00
+4.050000E-04,-4.000000E-04,-4.800000E-04,+2.040000E+00
+4.051000E-04,-4.000000E-04,-2.400000E-04,+2.000000E+00
+4.052000E-04,-4.000000E-04,-4.000000E-04,+2.000000E+00
+4.053000E-04,-4.000000E-04,-4.000000E-04,+2.000000E+00
+4.054000E-04,-2.000000E-04,-5.600000E-04,+2.040000E+00
+4.055000E-04,-4.000000E-04,-5.600000E-04,+2.000000E+00
+4.056000E-04,-4.000000E-04,-4.800000E-04,+2.040000E+00
+4.057000E-04,-4.000000E-04,-2.400000E-04,+2.000000E+00
+4.058000E-04,-4.000000E-04,-3.200000E-04,+2.000000E+00
+4.059000E-04,-4.000000E-04,-4.000000E-04,+2.040000E+00
+4.060000E-04,-4.000000E-04,-5.600000E-04,+2.040000E+00
+4.061000E-04,-4.000000E-04,-3.200000E-04,+2.040000E+00
+4.062000E-04,-4.000000E-04,-3.200000E-04,+2.040000E+00
+4.063000E-04,-6.000000E-04,-8.000000E-05,+2.040000E+00
+4.064000E-04,-4.000000E-04,-3.200000E-04,+2.040000E+00
+4.065000E-04,-4.000000E-04,-4.000000E-04,+2.040000E+00
+4.066000E-04,-4.000000E-04,-4.800000E-04,+2.000000E+00
+4.067000E-04,-6.000000E-04,-2.400000E-04,+2.040000E+00
+4.068000E-04,-6.000000E-04,-2.400000E-04,+2.040000E+00
+4.069000E-04,-6.000000E-04,-1.600000E-04,+2.040000E+00
+4.070000E-04,-6.000000E-04,-3.200000E-04,+2.040000E+00
+4.071000E-04,-6.000000E-04,-3.200000E-04,+2.040000E+00
+4.072000E-04,-6.000000E-04,-2.400000E-04,+2.000000E+00
+4.073000E-04,-6.000000E-04,-2.400000E-04,+2.040000E+00
+4.074000E-04,-6.000000E-04,-1.600000E-04,+2.040000E+00
+4.075000E-04,-6.000000E-04,-1.600000E-04,+2.040000E+00
+4.076000E-04,-6.000000E-04,-1.600000E-04,+2.000000E+00
+4.077000E-04,-6.000000E-04,-8.000000E-05,+2.000000E+00
+4.078000E-04,-6.000000E-04,+0.000000E+00,+2.040000E+00
+4.079000E-04,-6.000000E-04,-2.400000E-04,+2.040000E+00
+4.080000E-04,-4.000000E-04,-2.400000E-04,+2.040000E+00
+4.081000E-04,-6.000000E-04,-2.400000E-04,+2.000000E+00
+4.082000E-04,-6.000000E-04,+8.000000E-05,+2.040000E+00
+4.083000E-04,-6.000000E-04,+8.000000E-05,+2.040000E+00
+4.084000E-04,-6.000000E-04,-8.000000E-05,+2.040000E+00
+4.085000E-04,-6.000000E-04,-1.600000E-04,+2.040000E+00
+4.086000E-04,-4.000000E-04,-1.600000E-04,+2.000000E+00
+4.087000E-04,-6.000000E-04,+0.000000E+00,+2.040000E+00
+4.088000E-04,-6.000000E-04,+1.600000E-04,+2.040000E+00
+4.089000E-04,-6.000000E-04,+8.000000E-05,+2.000000E+00
+4.090000E-04,-6.000000E-04,+1.600000E-04,+2.000000E+00
+4.091000E-04,-4.000000E-04,+0.000000E+00,+2.040000E+00
+4.092000E-04,-4.000000E-04,+8.000000E-05,+2.000000E+00
+4.093000E-04,-6.000000E-04,+0.000000E+00,+2.000000E+00
+4.094000E-04,-6.000000E-04,+2.400000E-04,+2.040000E+00
+4.095000E-04,-4.000000E-04,+0.000000E+00,+2.040000E+00
+4.096000E-04,-4.000000E-04,+8.000000E-05,+2.040000E+00
+4.097000E-04,-4.000000E-04,+8.000000E-05,+2.040000E+00
+4.098000E-04,-4.000000E-04,+2.400000E-04,+2.000000E+00
+4.099000E-04,-4.000000E-04,+8.000000E-05,+2.040000E+00
+4.100000E-04,-4.000000E-04,+2.400000E-04,+2.040000E+00
+4.101000E-04,-4.000000E-04,+1.600000E-04,+2.040000E+00
+4.102000E-04,-4.000000E-04,+2.400000E-04,+2.040000E+00
+4.103000E-04,-2.000000E-04,+8.000000E-05,+2.040000E+00
+4.104000E-04,-4.000000E-04,+1.600000E-04,+2.000000E+00
+4.105000E-04,-4.000000E-04,+1.600000E-04,+2.000000E+00
+4.106000E-04,-4.000000E-04,+2.400000E-04,+2.040000E+00
+4.107000E-04,-2.000000E-04,+1.600000E-04,+2.000000E+00
+4.108000E-04,-2.000000E-04,+2.400000E-04,+2.040000E+00
+4.109000E-04,-2.000000E-04,+1.600000E-04,+2.040000E+00
+4.110000E-04,-2.000000E-04,+8.000000E-05,+2.040000E+00
+4.111000E-04,-2.000000E-04,+8.000000E-05,+2.040000E+00
+4.112000E-04,-2.000000E-04,+1.600000E-04,+2.040000E+00
+4.113000E-04,-2.000000E-04,+8.000000E-05,+2.040000E+00
+4.114000E-04,-4.000000E-04,+2.400000E-04,+2.000000E+00
+4.115000E-04,-2.000000E-04,+1.600000E-04,+2.000000E+00
+4.116000E-04,-2.000000E-04,+1.600000E-04,+2.040000E+00
+4.117000E-04,+0.000000E+00,+8.000000E-05,+2.000000E+00
+4.118000E-04,-2.000000E-04,+8.000000E-05,+2.040000E+00
+4.119000E-04,-2.000000E-04,+8.000000E-05,+2.040000E+00
+4.120000E-04,-2.000000E-04,+2.400000E-04,+2.000000E+00
+4.121000E-04,+0.000000E+00,+1.600000E-04,+2.000000E+00
+4.122000E-04,-2.000000E-04,+8.000000E-05,+2.040000E+00
+4.123000E-04,+0.000000E+00,+8.000000E-05,+2.040000E+00
+4.124000E-04,-2.000000E-04,+8.000000E-05,+2.040000E+00
+4.125000E-04,+0.000000E+00,+8.000000E-05,+2.040000E+00
+4.126000E-04,-2.000000E-04,+8.000000E-05,+2.000000E+00
+4.127000E-04,+0.000000E+00,+8.000000E-05,+2.040000E+00
+4.128000E-04,+0.000000E+00,+8.000000E-05,+2.040000E+00
+4.129000E-04,+2.000000E-04,+1.600000E-04,+2.000000E+00
+4.130000E-04,+0.000000E+00,+8.000000E-05,+2.040000E+00
+4.131000E-04,+0.000000E+00,+8.000000E-05,+2.000000E+00
+4.132000E-04,+0.000000E+00,+8.000000E-05,+2.000000E+00
+4.133000E-04,+2.000000E-04,+8.000000E-05,+2.000000E+00
+4.134000E-04,+2.000000E-04,+1.600000E-04,+2.040000E+00
+4.135000E-04,+2.000000E-04,+8.000000E-05,+2.040000E+00
+4.136000E-04,+2.000000E-04,+0.000000E+00,+2.040000E+00
+4.137000E-04,+2.000000E-04,+0.000000E+00,+2.040000E+00
+4.138000E-04,+2.000000E-04,-8.000000E-05,+2.000000E+00
+4.139000E-04,+0.000000E+00,+8.000000E-05,+2.040000E+00
+4.140000E-04,+0.000000E+00,+0.000000E+00,+2.000000E+00
+4.141000E-04,+2.000000E-04,-8.000000E-05,+2.040000E+00
+4.142000E-04,+2.000000E-04,-8.000000E-05,+2.040000E+00
+4.143000E-04,+0.000000E+00,+0.000000E+00,+2.040000E+00
+4.144000E-04,+0.000000E+00,-8.000000E-05,+2.040000E+00
+4.145000E-04,+2.000000E-04,-8.000000E-05,+2.040000E+00
+4.146000E-04,+4.000000E-04,-2.400000E-04,+2.040000E+00
+4.147000E-04,+2.000000E-04,-8.000000E-05,+2.040000E+00
+4.148000E-04,+2.000000E-04,-1.600000E-04,+2.040000E+00
+4.149000E-04,+2.000000E-04,-8.000000E-05,+2.000000E+00
+4.150000E-04,+2.000000E-04,-8.000000E-05,+2.040000E+00
+4.151000E-04,+2.000000E-04,-1.600000E-04,+2.040000E+00
+4.152000E-04,+2.000000E-04,-2.400000E-04,+2.040000E+00
+4.153000E-04,+2.000000E-04,-2.400000E-04,+2.040000E+00
+4.154000E-04,+4.000000E-04,-2.400000E-04,+2.040000E+00
+4.155000E-04,+0.000000E+00,-2.400000E-04,+2.040000E+00
+4.156000E-04,+2.000000E-04,-3.200000E-04,+2.040000E+00
+4.157000E-04,+2.000000E-04,-3.200000E-04,+2.040000E+00
+4.158000E-04,+2.000000E-04,-3.200000E-04,+2.040000E+00
+4.159000E-04,+2.000000E-04,-3.200000E-04,+2.040000E+00
+4.160000E-04,+2.000000E-04,-3.200000E-04,+2.040000E+00
+4.161000E-04,+0.000000E+00,-3.200000E-04,+2.040000E+00
+4.162000E-04,+2.000000E-04,-4.800000E-04,+2.000000E+00
+4.163000E-04,+2.000000E-04,-3.200000E-04,+2.040000E+00
+4.164000E-04,+2.000000E-04,-4.800000E-04,+2.000000E+00
+4.165000E-04,+2.000000E-04,-4.800000E-04,+2.040000E+00
+4.166000E-04,+4.000000E-04,-4.800000E-04,+2.040000E+00
+4.167000E-04,+2.000000E-04,-4.800000E-04,+2.040000E+00
+4.168000E-04,+2.000000E-04,-4.800000E-04,+2.040000E+00
+4.169000E-04,+2.000000E-04,-4.800000E-04,+2.040000E+00
+4.170000E-04,+2.000000E-04,-5.600000E-04,+2.040000E+00
+4.171000E-04,+2.000000E-04,-7.200000E-04,+2.040000E+00
+4.172000E-04,+2.000000E-04,-4.800000E-04,+2.040000E+00
+4.173000E-04,+0.000000E+00,-4.800000E-04,+2.000000E+00
+4.174000E-04,+2.000000E-04,-5.600000E-04,+2.040000E+00
+4.175000E-04,+2.000000E-04,-4.000000E-04,+2.040000E+00
+4.176000E-04,+2.000000E-04,-6.400000E-04,+2.040000E+00
+4.177000E-04,+2.000000E-04,-7.200000E-04,+2.000000E+00
+4.178000E-04,+2.000000E-04,-6.400000E-04,+2.000000E+00
+4.179000E-04,+2.000000E-04,-6.400000E-04,+2.040000E+00
+4.180000E-04,+0.000000E+00,-6.400000E-04,+2.000000E+00
+4.181000E-04,+0.000000E+00,-6.400000E-04,+2.040000E+00
+4.182000E-04,+0.000000E+00,-7.200000E-04,+2.040000E+00
+4.183000E-04,+2.000000E-04,-6.400000E-04,+2.040000E+00
+4.184000E-04,+2.000000E-04,-7.200000E-04,+2.040000E+00
+4.185000E-04,+0.000000E+00,-7.200000E-04,+2.040000E+00
+4.186000E-04,+0.000000E+00,-6.400000E-04,+2.040000E+00
+4.187000E-04,+2.000000E-04,-8.799999E-04,+2.040000E+00
+4.188000E-04,+2.000000E-04,-6.400000E-04,+2.040000E+00
+4.189000E-04,+0.000000E+00,-6.400000E-04,+2.040000E+00
+4.190000E-04,+0.000000E+00,-7.200000E-04,+2.040000E+00
+4.191000E-04,+2.000000E-04,-8.000000E-04,+2.000000E+00
+4.192000E-04,+2.000000E-04,-8.000000E-04,+2.000000E+00
+4.193000E-04,+0.000000E+00,-8.000000E-04,+2.040000E+00
+4.194000E-04,-2.000000E-04,-5.600000E-04,+2.040000E+00
+4.195000E-04,+0.000000E+00,-7.200000E-04,+2.000000E+00
+4.196000E-04,+2.000000E-04,-7.200000E-04,+2.040000E+00
+4.197000E-04,+0.000000E+00,-7.200000E-04,+2.040000E+00
+4.198000E-04,-2.000000E-04,-6.400000E-04,+2.040000E+00
+4.199000E-04,+0.000000E+00,-7.200000E-04,+2.040000E+00
+4.200000E-04,+0.000000E+00,-8.000000E-04,+2.040000E+00
+4.201000E-04,-2.000000E-04,-6.400000E-04,+2.000000E+00
+4.202000E-04,-2.000000E-04,-6.400000E-04,+2.000000E+00
+4.203000E-04,+0.000000E+00,-6.400000E-04,+2.040000E+00
+4.204000E-04,+0.000000E+00,-7.200000E-04,+2.040000E+00
+4.205000E-04,+0.000000E+00,-7.200000E-04,+2.000000E+00
+4.206000E-04,+0.000000E+00,-6.400000E-04,+2.040000E+00
+4.207000E-04,+0.000000E+00,-7.200000E-04,+2.040000E+00
+4.208000E-04,+0.000000E+00,-5.600000E-04,+2.040000E+00
+4.209000E-04,+0.000000E+00,-5.600000E-04,+2.040000E+00
+4.210000E-04,-2.000000E-04,-7.200000E-04,+2.040000E+00
+4.211000E-04,-2.000000E-04,-6.400000E-04,+2.000000E+00
+4.212000E-04,-2.000000E-04,-5.600000E-04,+2.040000E+00
+4.213000E-04,-2.000000E-04,-5.600000E-04,+2.040000E+00
+4.214000E-04,-2.000000E-04,-4.000000E-04,+2.040000E+00
+4.215000E-04,-2.000000E-04,-4.000000E-04,+2.040000E+00
+4.216000E-04,+0.000000E+00,-5.600000E-04,+2.040000E+00
+4.217000E-04,+0.000000E+00,-6.400000E-04,+2.000000E+00
+4.218000E-04,-2.000000E-04,-6.400000E-04,+2.040000E+00
+4.219000E-04,-2.000000E-04,-5.600000E-04,+2.040000E+00
+4.220000E-04,-2.000000E-04,-4.000000E-04,+2.040000E+00
+4.221000E-04,-2.000000E-04,-3.200000E-04,+2.040000E+00
+4.222000E-04,-2.000000E-04,-4.800000E-04,+2.000000E+00
+4.223000E-04,-2.000000E-04,-4.800000E-04,+2.040000E+00
+4.224000E-04,-2.000000E-04,-4.800000E-04,+2.000000E+00
+4.225000E-04,-2.000000E-04,-4.800000E-04,+2.040000E+00
+4.226000E-04,-2.000000E-04,-4.000000E-04,+2.040000E+00
+4.227000E-04,-2.000000E-04,-4.000000E-04,+2.040000E+00
+4.228000E-04,-2.000000E-04,-4.800000E-04,+2.040000E+00
+4.229000E-04,-2.000000E-04,-3.200000E-04,+2.000000E+00
+4.230000E-04,-2.000000E-04,-3.200000E-04,+2.000000E+00
+4.231000E-04,-4.000000E-04,-3.200000E-04,+2.040000E+00
+4.232000E-04,-2.000000E-04,-2.400000E-04,+2.000000E+00
+4.233000E-04,+0.000000E+00,-4.000000E-04,+2.040000E+00
+4.234000E-04,-2.000000E-04,-2.400000E-04,+2.040000E+00
+4.235000E-04,-4.000000E-04,-8.000000E-05,+2.000000E+00
+4.236000E-04,-4.000000E-04,-2.400000E-04,+2.000000E+00
+4.237000E-04,-2.000000E-04,-2.400000E-04,+2.040000E+00
+4.238000E-04,-2.000000E-04,-3.200000E-04,+2.000000E+00
+4.239000E-04,-4.000000E-04,-1.600000E-04,+2.040000E+00
+4.240000E-04,-4.000000E-04,-8.000000E-05,+2.040000E+00
+4.241000E-04,-2.000000E-04,-2.400000E-04,+2.040000E+00
+4.242000E-04,-2.000000E-04,-1.600000E-04,+2.040000E+00
+4.243000E-04,-4.000000E-04,+0.000000E+00,+2.040000E+00
+4.244000E-04,-4.000000E-04,+0.000000E+00,+2.040000E+00
+4.245000E-04,-2.000000E-04,+8.000000E-05,+2.000000E+00
+4.246000E-04,+0.000000E+00,-1.600000E-04,+2.000000E+00
+4.247000E-04,-2.000000E-04,-1.600000E-04,+2.040000E+00
+4.248000E-04,-2.000000E-04,+0.000000E+00,+2.000000E+00
+4.249000E-04,-2.000000E-04,+8.000000E-05,+2.000000E+00
+4.250000E-04,-2.000000E-04,+8.000000E-05,+2.040000E+00
+4.251000E-04,-2.000000E-04,+1.600000E-04,+2.040000E+00
+4.252000E-04,-2.000000E-04,+1.600000E-04,+2.040000E+00
+4.253000E-04,-2.000000E-04,+8.000000E-05,+2.000000E+00
+4.254000E-04,-2.000000E-04,+8.000000E-05,+2.040000E+00
+4.255000E-04,-2.000000E-04,+8.000000E-05,+2.040000E+00
+4.256000E-04,-2.000000E-04,+2.400000E-04,+2.000000E+00
+4.257000E-04,-2.000000E-04,+4.000000E-04,+2.000000E+00
+4.258000E-04,-2.000000E-04,+3.200000E-04,+2.040000E+00
+4.259000E-04,-2.000000E-04,+1.600000E-04,+2.040000E+00
+4.260000E-04,-2.000000E-04,+1.600000E-04,+2.000000E+00
+4.261000E-04,+0.000000E+00,+8.000000E-05,+2.000000E+00
+4.262000E-04,+0.000000E+00,+1.600000E-04,+2.000000E+00
+4.263000E-04,-2.000000E-04,+2.400000E-04,+2.040000E+00
+4.264000E-04,-2.000000E-04,+8.000000E-05,+2.000000E+00
+4.265000E-04,-2.000000E-04,+8.000000E-05,+2.040000E+00
+4.266000E-04,-2.000000E-04,+2.400000E-04,+2.040000E+00
+4.267000E-04,-2.000000E-04,+2.400000E-04,+2.040000E+00
+4.268000E-04,-2.000000E-04,+2.400000E-04,+2.040000E+00
+4.269000E-04,-2.000000E-04,+2.400000E-04,+2.000000E+00
+4.270000E-04,-2.000000E-04,+3.200000E-04,+2.000000E+00
+4.271000E-04,-2.000000E-04,+1.600000E-04,+2.000000E+00
+4.272000E-04,-2.000000E-04,+2.400000E-04,+2.040000E+00
+4.273000E-04,-4.000000E-04,+4.000000E-04,+2.000000E+00
+4.274000E-04,-4.000000E-04,+4.000000E-04,+2.000000E+00
+4.275000E-04,-2.000000E-04,+4.000000E-04,+2.040000E+00
+4.276000E-04,-2.000000E-04,+2.400000E-04,+2.040000E+00
+4.277000E-04,+0.000000E+00,+1.600000E-04,+2.040000E+00
+4.278000E-04,+0.000000E+00,+8.000000E-05,+2.040000E+00
+4.279000E-04,-2.000000E-04,+8.000000E-05,+2.040000E+00
+4.280000E-04,-2.000000E-04,+3.200000E-04,+2.040000E+00
+4.281000E-04,-2.000000E-04,+1.600000E-04,+2.040000E+00
+4.282000E-04,-2.000000E-04,+1.600000E-04,+2.040000E+00
+4.283000E-04,-2.000000E-04,+8.000000E-05,+2.000000E+00
+4.284000E-04,-2.000000E-04,+3.200000E-04,+2.040000E+00
+4.285000E-04,-4.000000E-04,+4.000000E-04,+2.040000E+00
+4.286000E-04,-4.000000E-04,+2.400000E-04,+2.000000E+00
+4.287000E-04,-2.000000E-04,+0.000000E+00,+2.000000E+00
+4.288000E-04,-2.000000E-04,+1.600000E-04,+2.040000E+00
+4.289000E-04,-4.000000E-04,+3.200000E-04,+2.040000E+00
+4.290000E-04,-2.000000E-04,+4.000000E-04,+2.040000E+00
+4.291000E-04,+0.000000E+00,+1.600000E-04,+2.040000E+00
+4.292000E-04,+0.000000E+00,+8.000000E-05,+2.040000E+00
+4.293000E-04,-2.000000E-04,+0.000000E+00,+2.040000E+00
+4.294000E-04,-4.000000E-04,+1.600000E-04,+2.040000E+00
+4.295000E-04,-2.000000E-04,+1.600000E-04,+2.040000E+00
+4.296000E-04,-2.000000E-04,+1.600000E-04,+2.000000E+00
+4.297000E-04,-2.000000E-04,+0.000000E+00,+2.040000E+00
+4.298000E-04,-2.000000E-04,-8.000000E-05,+2.000000E+00
+4.299000E-04,-2.000000E-04,+8.000000E-05,+2.000000E+00
+4.300000E-04,-2.000000E-04,+2.400000E-04,+2.040000E+00
+4.301000E-04,-4.000000E-04,+1.600000E-04,+2.040000E+00
+4.302000E-04,-4.000000E-04,+0.000000E+00,+2.040000E+00
+4.303000E-04,+0.000000E+00,-8.000000E-05,+2.040000E+00
+4.304000E-04,-2.000000E-04,-8.000000E-05,+2.040000E+00
+4.305000E-04,-2.000000E-04,+0.000000E+00,+2.040000E+00
+4.306000E-04,-2.000000E-04,+0.000000E+00,+2.040000E+00
+4.307000E-04,+0.000000E+00,-1.600000E-04,+2.040000E+00
+4.308000E-04,-2.000000E-04,-1.600000E-04,+2.000000E+00
+4.309000E-04,-2.000000E-04,-2.400000E-04,+2.000000E+00
+4.310000E-04,-2.000000E-04,-1.600000E-04,+2.000000E+00
+4.311000E-04,-2.000000E-04,-8.000000E-05,+2.040000E+00
+4.312000E-04,-2.000000E-04,-8.000000E-05,+2.000000E+00
+4.313000E-04,-2.000000E-04,-8.000000E-05,+2.000000E+00
+4.314000E-04,-2.000000E-04,-8.000000E-05,+2.040000E+00
+4.315000E-04,+0.000000E+00,-1.600000E-04,+2.040000E+00
+4.316000E-04,+0.000000E+00,-3.200000E-04,+2.040000E+00
+4.317000E-04,+0.000000E+00,-2.400000E-04,+2.040000E+00
+4.318000E-04,-2.000000E-04,-2.400000E-04,+2.000000E+00
+4.319000E-04,-2.000000E-04,-2.400000E-04,+2.000000E+00
+4.320000E-04,-2.000000E-04,-3.200000E-04,+2.040000E+00
+4.321000E-04,-2.000000E-04,-3.200000E-04,+2.040000E+00
+4.322000E-04,-2.000000E-04,-4.000000E-04,+2.040000E+00
+4.323000E-04,+0.000000E+00,-4.000000E-04,+2.040000E+00
+4.324000E-04,-2.000000E-04,-4.000000E-04,+2.040000E+00
+4.325000E-04,-2.000000E-04,-2.400000E-04,+2.000000E+00
+4.326000E-04,-2.000000E-04,-3.200000E-04,+2.040000E+00
+4.327000E-04,+0.000000E+00,-4.800000E-04,+2.040000E+00
+4.328000E-04,+0.000000E+00,-5.600000E-04,+2.040000E+00
+4.329000E-04,+0.000000E+00,-4.800000E-04,+2.000000E+00
+4.330000E-04,+0.000000E+00,-4.800000E-04,+2.000000E+00
+4.331000E-04,-2.000000E-04,-3.200000E-04,+2.000000E+00
+4.332000E-04,-2.000000E-04,-4.000000E-04,+2.040000E+00
+4.333000E-04,+0.000000E+00,-4.800000E-04,+2.040000E+00
+4.334000E-04,+0.000000E+00,-4.800000E-04,+2.000000E+00
+4.335000E-04,-2.000000E-04,-5.600000E-04,+2.040000E+00
+4.336000E-04,+0.000000E+00,-6.400000E-04,+2.040000E+00
+4.337000E-04,+0.000000E+00,-5.600000E-04,+2.040000E+00
+4.338000E-04,-2.000000E-04,-4.800000E-04,+2.040000E+00
+4.339000E-04,-2.000000E-04,-5.600000E-04,+2.040000E+00
+4.340000E-04,-2.000000E-04,-4.800000E-04,+2.000000E+00
+4.341000E-04,+0.000000E+00,-7.200000E-04,+2.040000E+00
+4.342000E-04,+0.000000E+00,-7.200000E-04,+2.000000E+00
+4.343000E-04,-2.000000E-04,-6.400000E-04,+2.000000E+00
+4.344000E-04,-2.000000E-04,-5.600000E-04,+2.040000E+00
+4.345000E-04,+0.000000E+00,-5.600000E-04,+2.040000E+00
+4.346000E-04,+0.000000E+00,-7.200000E-04,+2.040000E+00
+4.347000E-04,+0.000000E+00,-8.000000E-04,+2.040000E+00
+4.348000E-04,+0.000000E+00,-6.400000E-04,+2.040000E+00
+4.349000E-04,+0.000000E+00,-4.800000E-04,+2.040000E+00
+4.350000E-04,+0.000000E+00,-6.400000E-04,+2.040000E+00
+4.351000E-04,+0.000000E+00,-6.400000E-04,+2.040000E+00
+4.352000E-04,+0.000000E+00,-7.200000E-04,+2.000000E+00
+4.353000E-04,+0.000000E+00,-8.000000E-04,+2.040000E+00
+4.354000E-04,+0.000000E+00,-7.200000E-04,+2.040000E+00
+4.355000E-04,-2.000000E-04,-5.600000E-04,+2.040000E+00
+4.356000E-04,-2.000000E-04,-6.400000E-04,+2.040000E+00
+4.357000E-04,+0.000000E+00,-6.400000E-04,+2.000000E+00
+4.358000E-04,+0.000000E+00,-7.200000E-04,+2.040000E+00
+4.359000E-04,+0.000000E+00,-6.400000E-04,+2.040000E+00
+4.360000E-04,+0.000000E+00,-7.200000E-04,+2.040000E+00
+4.361000E-04,+0.000000E+00,-7.200000E-04,+2.000000E+00
+4.362000E-04,+2.000000E-04,-8.000000E-04,+2.040000E+00
+4.363000E-04,+0.000000E+00,-7.200000E-04,+2.040000E+00
+4.364000E-04,+0.000000E+00,-7.200000E-04,+2.040000E+00
+4.365000E-04,+0.000000E+00,-6.400000E-04,+2.040000E+00
+4.366000E-04,+0.000000E+00,-6.400000E-04,+2.040000E+00
+4.367000E-04,+0.000000E+00,-7.200000E-04,+2.000000E+00
+4.368000E-04,+0.000000E+00,-7.200000E-04,+2.040000E+00
+4.369000E-04,+0.000000E+00,-5.600000E-04,+2.000000E+00
+4.370000E-04,+0.000000E+00,-5.600000E-04,+2.000000E+00
+4.371000E-04,+0.000000E+00,-5.600000E-04,+2.040000E+00
+4.372000E-04,+0.000000E+00,-4.800000E-04,+2.040000E+00
+4.373000E-04,+0.000000E+00,-5.600000E-04,+2.000000E+00
+4.374000E-04,+0.000000E+00,-5.600000E-04,+2.040000E+00
+4.375000E-04,+0.000000E+00,-5.600000E-04,+2.040000E+00
+4.376000E-04,+0.000000E+00,-5.600000E-04,+2.040000E+00
+4.377000E-04,+2.000000E-04,-6.400000E-04,+2.000000E+00
+4.378000E-04,+0.000000E+00,-5.600000E-04,+2.040000E+00
+4.379000E-04,+0.000000E+00,-6.400000E-04,+2.040000E+00
+4.380000E-04,+0.000000E+00,-5.600000E-04,+2.040000E+00
+4.381000E-04,+0.000000E+00,-6.400000E-04,+2.040000E+00
+4.382000E-04,+0.000000E+00,-5.600000E-04,+2.040000E+00
+4.383000E-04,+2.000000E-04,-5.600000E-04,+2.040000E+00
+4.384000E-04,+0.000000E+00,-4.000000E-04,+2.040000E+00
+4.385000E-04,+0.000000E+00,-4.000000E-04,+2.040000E+00
+4.386000E-04,+0.000000E+00,-4.000000E-04,+2.000000E+00
+4.387000E-04,+2.000000E-04,-5.600000E-04,+2.000000E+00
+4.388000E-04,+0.000000E+00,-4.800000E-04,+2.040000E+00
+4.389000E-04,+2.000000E-04,-4.800000E-04,+2.040000E+00
+4.390000E-04,+0.000000E+00,-3.200000E-04,+2.040000E+00
+4.391000E-04,+2.000000E-04,-4.000000E-04,+2.040000E+00
+4.392000E-04,+2.000000E-04,-3.200000E-04,+2.040000E+00
+4.393000E-04,+0.000000E+00,-4.800000E-04,+2.040000E+00
+4.394000E-04,+0.000000E+00,-4.000000E-04,+2.040000E+00
+4.395000E-04,+0.000000E+00,-3.200000E-04,+2.000000E+00
+4.396000E-04,+0.000000E+00,-1.600000E-04,+2.040000E+00
+4.397000E-04,+0.000000E+00,-1.600000E-04,+2.040000E+00
+4.398000E-04,+2.000000E-04,-3.200000E-04,+2.040000E+00
+4.399000E-04,+2.000000E-04,-4.000000E-04,+2.000000E+00
+4.400000E-04,+0.000000E+00,-1.600000E-04,+2.040000E+00
+4.401000E-04,+0.000000E+00,-8.000000E-05,+2.040000E+00
+4.402000E-04,+0.000000E+00,-1.600000E-04,+2.000000E+00
+4.403000E-04,+0.000000E+00,-2.400000E-04,+2.040000E+00
+4.404000E-04,+0.000000E+00,-1.600000E-04,+2.040000E+00
+4.405000E-04,+2.000000E-04,-2.400000E-04,+2.040000E+00
+4.406000E-04,+0.000000E+00,-8.000000E-05,+2.040000E+00
+4.407000E-04,+0.000000E+00,-8.000000E-05,+2.000000E+00
+4.408000E-04,+0.000000E+00,-8.000000E-05,+2.040000E+00
+4.409000E-04,+0.000000E+00,-1.600000E-04,+2.040000E+00
+4.410000E-04,+0.000000E+00,-2.400000E-04,+2.040000E+00
+4.411000E-04,+2.000000E-04,-1.600000E-04,+2.040000E+00
+4.412000E-04,+0.000000E+00,-1.600000E-04,+2.040000E+00
+4.413000E-04,+0.000000E+00,-8.000000E-05,+2.040000E+00
+4.414000E-04,-2.000000E-04,+0.000000E+00,+2.000000E+00
+4.415000E-04,+0.000000E+00,+8.000000E-05,+2.040000E+00
+4.416000E-04,+0.000000E+00,-8.000000E-05,+2.040000E+00
+4.417000E-04,+0.000000E+00,-8.000000E-05,+2.040000E+00
+4.418000E-04,+0.000000E+00,-8.000000E-05,+2.040000E+00
+4.419000E-04,-2.000000E-04,+0.000000E+00,+2.000000E+00
+4.420000E-04,-2.000000E-04,+8.000000E-05,+2.000000E+00
+4.421000E-04,+0.000000E+00,+0.000000E+00,+2.040000E+00
+4.422000E-04,+0.000000E+00,+0.000000E+00,+2.040000E+00
+4.423000E-04,+0.000000E+00,+8.000000E-05,+2.040000E+00
+4.424000E-04,-2.000000E-04,-8.000000E-05,+2.040000E+00
+4.425000E-04,-2.000000E-04,+8.000000E-05,+2.040000E+00
+4.426000E-04,+0.000000E+00,+8.000000E-05,+2.000000E+00
+4.427000E-04,-2.000000E-04,+0.000000E+00,+2.040000E+00
+4.428000E-04,+0.000000E+00,-8.000000E-05,+2.040000E+00
+4.429000E-04,-2.000000E-04,+1.600000E-04,+2.040000E+00
+4.430000E-04,-2.000000E-04,+1.600000E-04,+2.040000E+00
+4.431000E-04,-2.000000E-04,+2.400000E-04,+2.040000E+00
+4.432000E-04,+0.000000E+00,+0.000000E+00,+2.040000E+00
+4.433000E-04,+0.000000E+00,+8.000000E-05,+2.000000E+00
+4.434000E-04,+0.000000E+00,+8.000000E-05,+2.040000E+00
+4.435000E-04,-2.000000E-04,+8.000000E-05,+2.040000E+00
+4.436000E-04,-2.000000E-04,+1.600000E-04,+2.040000E+00
+4.437000E-04,-4.000000E-04,+2.400000E-04,+2.040000E+00
+4.438000E-04,-2.000000E-04,+1.600000E-04,+2.040000E+00
+4.439000E-04,-2.000000E-04,+8.000000E-05,+2.040000E+00
+4.440000E-04,-2.000000E-04,+0.000000E+00,+2.000000E+00
+4.441000E-04,-2.000000E-04,+8.000000E-05,+2.000000E+00
+4.442000E-04,-2.000000E-04,+1.600000E-04,+2.040000E+00
+4.443000E-04,-2.000000E-04,+2.400000E-04,+2.040000E+00
+4.444000E-04,-2.000000E-04,+8.000000E-05,+2.000000E+00
+4.445000E-04,-2.000000E-04,+0.000000E+00,+2.000000E+00
+4.446000E-04,-2.000000E-04,+8.000000E-05,+2.040000E+00
+4.447000E-04,-4.000000E-04,+1.600000E-04,+2.040000E+00
+4.448000E-04,-2.000000E-04,+1.600000E-04,+2.000000E+00
+4.449000E-04,-2.000000E-04,+8.000000E-05,+2.000000E+00
+4.450000E-04,-2.000000E-04,+8.000000E-05,+2.040000E+00
+4.451000E-04,-2.000000E-04,+0.000000E+00,+2.000000E+00
+4.452000E-04,-4.000000E-04,+0.000000E+00,+2.000000E+00
+4.453000E-04,-4.000000E-04,+8.000000E-05,+2.000000E+00
+4.454000E-04,-4.000000E-04,+8.000000E-05,+2.040000E+00
+4.455000E-04,-4.000000E-04,+8.000000E-05,+2.040000E+00
+4.456000E-04,-4.000000E-04,+0.000000E+00,+2.040000E+00
+4.457000E-04,-4.000000E-04,+0.000000E+00,+2.040000E+00
+4.458000E-04,-2.000000E-04,+0.000000E+00,+2.040000E+00
+4.459000E-04,-2.000000E-04,+0.000000E+00,+2.000000E+00
+4.460000E-04,-2.000000E-04,+0.000000E+00,+2.040000E+00
+4.461000E-04,-4.000000E-04,+8.000000E-05,+2.040000E+00
+4.462000E-04,-4.000000E-04,+8.000000E-05,+2.040000E+00
+4.463000E-04,-4.000000E-04,+0.000000E+00,+2.040000E+00
+4.464000E-04,-4.000000E-04,+8.000000E-05,+2.040000E+00
+4.465000E-04,-2.000000E-04,+0.000000E+00,+2.000000E+00
+4.466000E-04,-2.000000E-04,+0.000000E+00,+2.040000E+00
+4.467000E-04,-4.000000E-04,-8.000000E-05,+2.000000E+00
+4.468000E-04,-4.000000E-04,-8.000000E-05,+2.040000E+00
+4.469000E-04,-4.000000E-04,-8.000000E-05,+2.040000E+00
+4.470000E-04,-4.000000E-04,+0.000000E+00,+2.000000E+00
+4.471000E-04,-4.000000E-04,+0.000000E+00,+2.040000E+00
+4.472000E-04,-4.000000E-04,-8.000000E-05,+2.040000E+00
+4.473000E-04,-4.000000E-04,-1.600000E-04,+2.000000E+00
+4.474000E-04,-4.000000E-04,-8.000000E-05,+2.000000E+00
+4.475000E-04,-4.000000E-04,+0.000000E+00,+2.000000E+00
+4.476000E-04,-4.000000E-04,-1.600000E-04,+2.040000E+00
+4.477000E-04,-4.000000E-04,-1.600000E-04,+2.000000E+00
+4.478000E-04,-4.000000E-04,-8.000000E-05,+2.040000E+00
+4.479000E-04,-4.000000E-04,-2.400000E-04,+2.040000E+00
+4.480000E-04,-2.000000E-04,-2.400000E-04,+2.000000E+00
+4.481000E-04,-2.000000E-04,-3.200000E-04,+2.000000E+00
+4.482000E-04,-4.000000E-04,-2.400000E-04,+2.040000E+00
+4.483000E-04,-6.000000E-04,+0.000000E+00,+2.040000E+00
+4.484000E-04,-4.000000E-04,-8.000000E-05,+2.040000E+00
+4.485000E-04,-2.000000E-04,-3.200000E-04,+2.040000E+00
+4.486000E-04,-2.000000E-04,-4.000000E-04,+2.040000E+00
+4.487000E-04,-2.000000E-04,-4.000000E-04,+2.000000E+00
+4.488000E-04,-4.000000E-04,+0.000000E+00,+2.040000E+00
+4.489000E-04,-6.000000E-04,+0.000000E+00,+2.040000E+00
+4.490000E-04,-4.000000E-04,-1.600000E-04,+2.000000E+00
+4.491000E-04,-2.000000E-04,-4.800000E-04,+2.000000E+00
+4.492000E-04,-2.000000E-04,-5.600000E-04,+2.000000E+00
+4.493000E-04,-2.000000E-04,-4.000000E-04,+2.000000E+00
+4.494000E-04,-4.000000E-04,-2.400000E-04,+2.040000E+00
+4.495000E-04,-4.000000E-04,-2.400000E-04,+2.040000E+00
+4.496000E-04,-2.000000E-04,-4.800000E-04,+2.040000E+00
+4.497000E-04,-2.000000E-04,-5.600000E-04,+2.040000E+00
+4.498000E-04,-4.000000E-04,-5.600000E-04,+2.000000E+00
+4.499000E-04,-4.000000E-04,-3.200000E-04,+2.040000E+00
+4.500000E-04,-2.000000E-04,-3.200000E-04,+2.040000E+00
+4.501000E-04,-2.000000E-04,-3.200000E-04,+2.000000E+00
+4.502000E-04,-2.000000E-04,-4.000000E-04,+2.040000E+00
+4.503000E-04,-2.000000E-04,-3.200000E-04,+2.040000E+00
+4.504000E-04,-2.000000E-04,-4.000000E-04,+2.040000E+00
+4.505000E-04,+0.000000E+00,-4.800000E-04,+2.040000E+00
+4.506000E-04,-2.000000E-04,-4.000000E-04,+2.040000E+00
+4.507000E-04,-2.000000E-04,-3.200000E-04,+2.040000E+00
+4.508000E-04,-2.000000E-04,-4.000000E-04,+2.040000E+00
+4.509000E-04,-2.000000E-04,-4.000000E-04,+2.040000E+00
+4.510000E-04,+0.000000E+00,-4.000000E-04,+2.040000E+00
+4.511000E-04,+0.000000E+00,-5.600000E-04,+2.040000E+00
+4.512000E-04,+0.000000E+00,-6.400000E-04,+2.000000E+00
+4.513000E-04,-2.000000E-04,-5.600000E-04,+2.040000E+00
+4.514000E-04,-2.000000E-04,-4.800000E-04,+2.040000E+00
+4.515000E-04,-2.000000E-04,-4.800000E-04,+2.040000E+00
+4.516000E-04,-2.000000E-04,-4.800000E-04,+2.040000E+00
+4.517000E-04,-2.000000E-04,-4.800000E-04,+2.040000E+00
+4.518000E-04,-2.000000E-04,-4.000000E-04,+2.040000E+00
+4.519000E-04,-2.000000E-04,-4.000000E-04,+2.040000E+00
+4.520000E-04,+0.000000E+00,-5.600000E-04,+2.040000E+00
+4.521000E-04,+0.000000E+00,-5.600000E-04,+2.040000E+00
+4.522000E-04,+2.000000E-04,-5.600000E-04,+2.040000E+00
+4.523000E-04,+0.000000E+00,-6.400000E-04,+2.000000E+00
+4.524000E-04,+0.000000E+00,-5.600000E-04,+2.000000E+00
+4.525000E-04,+0.000000E+00,-4.000000E-04,+2.040000E+00
+4.526000E-04,+0.000000E+00,-4.800000E-04,+2.040000E+00
+4.527000E-04,+0.000000E+00,-4.800000E-04,+2.000000E+00
+4.528000E-04,+0.000000E+00,-4.800000E-04,+2.040000E+00
+4.529000E-04,+0.000000E+00,-4.800000E-04,+2.000000E+00
+4.530000E-04,+2.000000E-04,-5.600000E-04,+2.040000E+00
+4.531000E-04,+2.000000E-04,-4.800000E-04,+2.040000E+00
+4.532000E-04,+0.000000E+00,-3.200000E-04,+2.040000E+00
+4.533000E-04,+0.000000E+00,-4.000000E-04,+2.040000E+00
+4.534000E-04,+2.000000E-04,-4.000000E-04,+2.040000E+00
+4.535000E-04,+2.000000E-04,-6.400000E-04,+2.000000E+00
+4.536000E-04,+2.000000E-04,-5.600000E-04,+2.040000E+00
+4.537000E-04,+2.000000E-04,-5.600000E-04,+2.000000E+00
+4.538000E-04,+2.000000E-04,-4.800000E-04,+2.040000E+00
+4.539000E-04,+2.000000E-04,-5.600000E-04,+2.040000E+00
+4.540000E-04,+0.000000E+00,-4.800000E-04,+2.040000E+00
+4.541000E-04,+0.000000E+00,-4.800000E-04,+2.040000E+00
+4.542000E-04,+2.000000E-04,-4.800000E-04,+2.040000E+00
+4.543000E-04,+2.000000E-04,-5.600000E-04,+2.000000E+00
+4.544000E-04,+2.000000E-04,-4.800000E-04,+2.040000E+00
+4.545000E-04,+0.000000E+00,-4.000000E-04,+2.040000E+00
+4.546000E-04,+2.000000E-04,-4.000000E-04,+2.040000E+00
+4.547000E-04,+2.000000E-04,-4.000000E-04,+2.040000E+00
+4.548000E-04,+2.000000E-04,-3.200000E-04,+2.040000E+00
+4.549000E-04,+2.000000E-04,-4.800000E-04,+2.040000E+00
+4.550000E-04,+4.000000E-04,-3.200000E-04,+2.040000E+00
+4.551000E-04,+2.000000E-04,-4.800000E-04,+2.040000E+00
+4.552000E-04,+2.000000E-04,-4.000000E-04,+2.000000E+00
+4.553000E-04,+2.000000E-04,-4.000000E-04,+2.000000E+00
+4.554000E-04,+2.000000E-04,-3.200000E-04,+2.000000E+00
+4.555000E-04,+2.000000E-04,-3.200000E-04,+2.040000E+00
+4.556000E-04,+2.000000E-04,-4.800000E-04,+2.040000E+00
+4.557000E-04,+2.000000E-04,-4.000000E-04,+2.000000E+00
+4.558000E-04,+2.000000E-04,-2.400000E-04,+2.000000E+00
+4.559000E-04,+2.000000E-04,-1.600000E-04,+2.040000E+00
+4.560000E-04,+2.000000E-04,-2.400000E-04,+2.040000E+00
+4.561000E-04,+2.000000E-04,-3.200000E-04,+2.040000E+00
+4.562000E-04,+2.000000E-04,-2.400000E-04,+2.000000E+00
+4.563000E-04,+4.000000E-04,-2.400000E-04,+2.040000E+00
+4.564000E-04,+4.000000E-04,-3.200000E-04,+2.040000E+00
+4.565000E-04,+2.000000E-04,-3.200000E-04,+2.040000E+00
+4.566000E-04,+2.000000E-04,-2.400000E-04,+2.000000E+00
+4.567000E-04,+4.000000E-04,-3.200000E-04,+2.000000E+00
+4.568000E-04,+2.000000E-04,-1.600000E-04,+2.040000E+00
+4.569000E-04,+0.000000E+00,-2.400000E-04,+2.040000E+00
+4.570000E-04,+0.000000E+00,-2.400000E-04,+2.040000E+00
+4.571000E-04,+2.000000E-04,-2.400000E-04,+2.040000E+00
+4.572000E-04,+2.000000E-04,-2.400000E-04,+2.040000E+00
+4.573000E-04,+2.000000E-04,-1.600000E-04,+2.040000E+00
+4.574000E-04,+0.000000E+00,-1.600000E-04,+2.000000E+00
+4.575000E-04,+2.000000E-04,-8.000000E-05,+2.040000E+00
+4.576000E-04,+2.000000E-04,-2.400000E-04,+2.000000E+00
+4.577000E-04,+2.000000E-04,-1.600000E-04,+2.040000E+00
+4.578000E-04,+2.000000E-04,-2.400000E-04,+2.040000E+00
+4.579000E-04,+2.000000E-04,-1.600000E-04,+2.040000E+00
+4.580000E-04,+2.000000E-04,-2.400000E-04,+2.040000E+00
+4.581000E-04,+2.000000E-04,-1.600000E-04,+2.040000E+00
+4.582000E-04,+2.000000E-04,-1.600000E-04,+2.040000E+00
+4.583000E-04,+2.000000E-04,-2.400000E-04,+2.040000E+00
+4.584000E-04,+2.000000E-04,-2.400000E-04,+2.040000E+00
+4.585000E-04,+0.000000E+00,+0.000000E+00,+2.040000E+00
+4.586000E-04,+0.000000E+00,-8.000000E-05,+2.000000E+00
+4.587000E-04,+0.000000E+00,-1.600000E-04,+2.040000E+00
+4.588000E-04,+0.000000E+00,-8.000000E-05,+2.040000E+00
+4.589000E-04,+0.000000E+00,+0.000000E+00,+2.000000E+00
+4.590000E-04,+0.000000E+00,-8.000000E-05,+2.000000E+00
+4.591000E-04,-2.000000E-04,+0.000000E+00,+2.000000E+00
+4.592000E-04,+0.000000E+00,-1.600000E-04,+2.000000E+00
+4.593000E-04,+0.000000E+00,-8.000000E-05,+2.040000E+00
+4.594000E-04,+0.000000E+00,-3.200000E-04,+2.000000E+00
+4.595000E-04,-2.000000E-04,-4.000000E-04,+2.040000E+00
+4.596000E-04,+0.000000E+00,-3.200000E-04,+2.040000E+00
+4.597000E-04,-2.000000E-04,-8.000000E-05,+2.000000E+00
+4.598000E-04,-2.000000E-04,-1.600000E-04,+2.040000E+00
+4.599000E-04,-2.000000E-04,-1.600000E-04,+2.040000E+00
+4.600000E-04,-2.000000E-04,-3.200000E-04,+2.040000E+00
+4.601000E-04,-2.000000E-04,-1.600000E-04,+2.000000E+00
+4.602000E-04,-2.000000E-04,+0.000000E+00,+2.040000E+00
+4.603000E-04,-4.000000E-04,+0.000000E+00,+2.000000E+00
+4.604000E-04,-2.000000E-04,+0.000000E+00,+2.000000E+00
+4.605000E-04,-2.000000E-04,-1.600000E-04,+2.040000E+00
+4.606000E-04,-2.000000E-04,-8.000000E-05,+2.040000E+00
+4.607000E-04,-4.000000E-04,-8.000000E-05,+2.040000E+00
+4.608000E-04,-2.000000E-04,+0.000000E+00,+2.040000E+00
+4.609000E-04,-2.000000E-04,-8.000000E-05,+2.040000E+00
+4.610000E-04,-2.000000E-04,-8.000000E-05,+2.000000E+00
+4.611000E-04,-4.000000E-04,-1.600000E-04,+2.040000E+00
+4.612000E-04,-4.000000E-04,-1.600000E-04,+2.040000E+00
+4.613000E-04,-2.000000E-04,-1.600000E-04,+2.040000E+00
+4.614000E-04,-4.000000E-04,-1.600000E-04,+2.040000E+00
+4.615000E-04,-6.000000E-04,-8.000000E-05,+2.000000E+00
+4.616000E-04,-4.000000E-04,-8.000000E-05,+2.040000E+00
+4.617000E-04,-4.000000E-04,-8.000000E-05,+2.040000E+00
+4.618000E-04,-4.000000E-04,-8.000000E-05,+2.000000E+00
+4.619000E-04,-2.000000E-04,-1.600000E-04,+2.000000E+00
+4.620000E-04,-4.000000E-04,-1.600000E-04,+2.000000E+00
+4.621000E-04,-4.000000E-04,-2.400000E-04,+2.040000E+00
+4.622000E-04,-4.000000E-04,-8.000000E-05,+2.000000E+00
+4.623000E-04,-4.000000E-04,-8.000000E-05,+2.000000E+00
+4.624000E-04,-4.000000E-04,+8.000000E-05,+2.040000E+00
+4.625000E-04,-4.000000E-04,-8.000000E-05,+2.000000E+00
+4.626000E-04,-4.000000E-04,-8.000000E-05,+2.040000E+00
+4.627000E-04,-4.000000E-04,-2.400000E-04,+2.040000E+00
+4.628000E-04,-6.000000E-04,-8.000000E-05,+2.040000E+00
+4.629000E-04,-4.000000E-04,+0.000000E+00,+2.040000E+00
+4.630000E-04,-6.000000E-04,+0.000000E+00,+2.040000E+00
+4.631000E-04,-4.000000E-04,-1.600000E-04,+2.040000E+00
+4.632000E-04,-4.000000E-04,-1.600000E-04,+2.040000E+00
+4.633000E-04,-4.000000E-04,-1.600000E-04,+2.000000E+00
+4.634000E-04,-4.000000E-04,-8.000000E-05,+2.040000E+00
+4.635000E-04,-4.000000E-04,-8.000000E-05,+2.040000E+00
+4.636000E-04,-6.000000E-04,-8.000000E-05,+2.040000E+00
+4.637000E-04,-4.000000E-04,-1.600000E-04,+2.040000E+00
+4.638000E-04,-4.000000E-04,-1.600000E-04,+2.040000E+00
+4.639000E-04,-4.000000E-04,-1.600000E-04,+2.040000E+00
+4.640000E-04,-4.000000E-04,-8.000000E-05,+2.000000E+00
+4.641000E-04,-4.000000E-04,-2.400000E-04,+2.040000E+00
+4.642000E-04,-4.000000E-04,-1.600000E-04,+2.040000E+00
+4.643000E-04,-4.000000E-04,-1.600000E-04,+2.000000E+00
+4.644000E-04,-6.000000E-04,+0.000000E+00,+2.000000E+00
+4.645000E-04,-6.000000E-04,-8.000000E-05,+2.040000E+00
+4.646000E-04,-6.000000E-04,-8.000000E-05,+2.040000E+00
+4.647000E-04,-4.000000E-04,-1.600000E-04,+2.000000E+00
+4.648000E-04,-4.000000E-04,-8.000000E-05,+2.040000E+00
+4.649000E-04,-4.000000E-04,-8.000000E-05,+2.000000E+00
+4.650000E-04,-4.000000E-04,-1.600000E-04,+2.040000E+00
+4.651000E-04,-4.000000E-04,-1.600000E-04,+2.040000E+00
+4.652000E-04,-6.000000E-04,-3.200000E-04,+2.000000E+00
+4.653000E-04,-4.000000E-04,-1.600000E-04,+2.040000E+00
+4.654000E-04,-4.000000E-04,-2.400000E-04,+2.000000E+00
+4.655000E-04,-4.000000E-04,-8.000000E-05,+2.040000E+00
+4.656000E-04,-6.000000E-04,-1.600000E-04,+2.040000E+00
+4.657000E-04,-4.000000E-04,-1.600000E-04,+2.040000E+00
+4.658000E-04,-2.000000E-04,-3.200000E-04,+2.000000E+00
+4.659000E-04,-2.000000E-04,-2.400000E-04,+2.040000E+00
+4.660000E-04,-4.000000E-04,-1.600000E-04,+2.040000E+00
+4.661000E-04,-4.000000E-04,-8.000000E-05,+2.000000E+00
+4.662000E-04,-2.000000E-04,-2.400000E-04,+2.040000E+00
+4.663000E-04,-2.000000E-04,-1.600000E-04,+2.040000E+00
+4.664000E-04,-2.000000E-04,-2.400000E-04,+2.000000E+00
+4.665000E-04,-2.000000E-04,+0.000000E+00,+2.040000E+00
+4.666000E-04,-2.000000E-04,-1.600000E-04,+2.040000E+00
+4.667000E-04,-2.000000E-04,-2.400000E-04,+2.040000E+00
+4.668000E-04,-2.000000E-04,-1.600000E-04,+2.040000E+00
+4.669000E-04,-2.000000E-04,-1.600000E-04,+2.040000E+00
+4.670000E-04,-2.000000E-04,-3.200000E-04,+2.040000E+00
+4.671000E-04,-2.000000E-04,-2.400000E-04,+2.040000E+00
+4.672000E-04,-4.000000E-04,-2.400000E-04,+2.040000E+00
+4.673000E-04,-2.000000E-04,-8.000000E-05,+2.040000E+00
+4.674000E-04,-2.000000E-04,-8.000000E-05,+2.040000E+00
+4.675000E-04,-2.000000E-04,-1.600000E-04,+2.040000E+00
+4.676000E-04,-2.000000E-04,-3.200000E-04,+2.040000E+00
+4.677000E-04,+0.000000E+00,-3.200000E-04,+2.040000E+00
+4.678000E-04,+0.000000E+00,-4.000000E-04,+2.040000E+00
+4.679000E-04,+0.000000E+00,-1.600000E-04,+2.040000E+00
+4.680000E-04,-2.000000E-04,-2.400000E-04,+2.040000E+00
+4.681000E-04,-2.000000E-04,-2.400000E-04,+2.040000E+00
+4.682000E-04,+0.000000E+00,-2.400000E-04,+2.040000E+00
+4.683000E-04,+0.000000E+00,-2.400000E-04,+2.040000E+00
+4.684000E-04,+2.000000E-04,-2.400000E-04,+2.000000E+00
+4.685000E-04,+0.000000E+00,-3.200000E-04,+2.040000E+00
+4.686000E-04,+0.000000E+00,-3.200000E-04,+2.040000E+00
+4.687000E-04,+0.000000E+00,-2.400000E-04,+2.040000E+00
+4.688000E-04,+0.000000E+00,-1.600000E-04,+2.040000E+00
+4.689000E-04,+0.000000E+00,-1.600000E-04,+2.000000E+00
+4.690000E-04,+0.000000E+00,-1.600000E-04,+2.040000E+00
+4.691000E-04,+0.000000E+00,-1.600000E-04,+2.040000E+00
+4.692000E-04,+2.000000E-04,-3.200000E-04,+2.040000E+00
+4.693000E-04,+2.000000E-04,-3.200000E-04,+2.000000E+00
+4.694000E-04,+0.000000E+00,-3.200000E-04,+2.000000E+00
+4.695000E-04,+0.000000E+00,-2.400000E-04,+2.040000E+00
+4.696000E-04,+2.000000E-04,-2.400000E-04,+2.000000E+00
+4.697000E-04,+0.000000E+00,-2.400000E-04,+2.000000E+00
+4.698000E-04,+0.000000E+00,-4.000000E-04,+2.040000E+00
+4.699000E-04,+0.000000E+00,-4.000000E-04,+2.040000E+00
+4.700000E-04,+2.000000E-04,-3.200000E-04,+2.040000E+00
+4.701000E-04,+2.000000E-04,-3.200000E-04,+2.000000E+00
+4.702000E-04,+2.000000E-04,-3.200000E-04,+2.040000E+00
+4.703000E-04,+2.000000E-04,-4.000000E-04,+2.000000E+00
+4.704000E-04,+2.000000E-04,-3.200000E-04,+2.040000E+00
+4.705000E-04,+2.000000E-04,-3.200000E-04,+2.040000E+00
+4.706000E-04,+2.000000E-04,-2.400000E-04,+2.000000E+00
+4.707000E-04,+2.000000E-04,-2.400000E-04,+2.040000E+00
+4.708000E-04,+2.000000E-04,-1.600000E-04,+2.040000E+00
+4.709000E-04,+2.000000E-04,-3.200000E-04,+2.040000E+00
+4.710000E-04,+2.000000E-04,-4.800000E-04,+2.000000E+00
+4.711000E-04,+4.000000E-04,-5.600000E-04,+2.040000E+00
+4.712000E-04,+4.000000E-04,-4.000000E-04,+2.040000E+00
+4.713000E-04,+2.000000E-04,-2.400000E-04,+2.040000E+00
+4.714000E-04,+2.000000E-04,-2.400000E-04,+2.040000E+00
+4.715000E-04,+2.000000E-04,-3.200000E-04,+2.040000E+00
+4.716000E-04,+2.000000E-04,-4.000000E-04,+2.040000E+00
+4.717000E-04,+4.000000E-04,-3.200000E-04,+2.000000E+00
+4.718000E-04,+2.000000E-04,-3.200000E-04,+2.040000E+00
+4.719000E-04,+4.000000E-04,-3.200000E-04,+2.000000E+00
+4.720000E-04,+2.000000E-04,-3.200000E-04,+2.040000E+00
+4.721000E-04,+2.000000E-04,-2.400000E-04,+2.040000E+00
+4.722000E-04,+4.000000E-04,-3.200000E-04,+2.040000E+00
+4.723000E-04,+4.000000E-04,-4.000000E-04,+2.040000E+00
+4.724000E-04,+4.000000E-04,-4.000000E-04,+2.040000E+00
+4.725000E-04,+2.000000E-04,-3.200000E-04,+2.000000E+00
+4.726000E-04,+0.000000E+00,-1.600000E-04,+2.000000E+00
+4.727000E-04,+0.000000E+00,-2.400000E-04,+2.040000E+00
+4.728000E-04,+2.000000E-04,-2.400000E-04,+2.040000E+00
+4.729000E-04,+2.000000E-04,-4.000000E-04,+2.000000E+00
+4.730000E-04,+4.000000E-04,-5.600000E-04,+2.000000E+00
+4.731000E-04,+2.000000E-04,-4.000000E-04,+2.040000E+00
+4.732000E-04,+2.000000E-04,-4.000000E-04,+2.040000E+00
+4.733000E-04,+2.000000E-04,-4.000000E-04,+2.040000E+00
+4.734000E-04,+2.000000E-04,-3.200000E-04,+2.000000E+00
+4.735000E-04,+4.000000E-04,-4.800000E-04,+2.000000E+00
+4.736000E-04,+2.000000E-04,-5.600000E-04,+2.040000E+00
+4.737000E-04,+2.000000E-04,-3.200000E-04,+2.040000E+00
+4.738000E-04,+0.000000E+00,-2.400000E-04,+2.040000E+00
+4.739000E-04,+2.000000E-04,-4.000000E-04,+2.040000E+00
+4.740000E-04,+2.000000E-04,-4.800000E-04,+2.040000E+00
+4.741000E-04,+2.000000E-04,-4.800000E-04,+2.040000E+00
+4.742000E-04,+0.000000E+00,-3.200000E-04,+2.000000E+00
+4.743000E-04,+0.000000E+00,-2.400000E-04,+2.040000E+00
+4.744000E-04,+0.000000E+00,-2.400000E-04,+2.040000E+00
+4.745000E-04,+2.000000E-04,-4.000000E-04,+2.040000E+00
+4.746000E-04,+2.000000E-04,-4.000000E-04,+2.000000E+00
+4.747000E-04,+2.000000E-04,-4.800000E-04,+2.040000E+00
+4.748000E-04,+0.000000E+00,-3.200000E-04,+2.000000E+00
+4.749000E-04,+0.000000E+00,-4.000000E-04,+2.040000E+00
+4.750000E-04,+2.000000E-04,-4.000000E-04,+2.040000E+00
+4.751000E-04,+2.000000E-04,-4.800000E-04,+2.000000E+00
+4.752000E-04,+0.000000E+00,-3.200000E-04,+2.040000E+00
+4.753000E-04,+0.000000E+00,-3.200000E-04,+2.040000E+00
+4.754000E-04,+0.000000E+00,-4.000000E-04,+2.040000E+00
+4.755000E-04,+0.000000E+00,-3.200000E-04,+2.000000E+00
+4.756000E-04,-2.000000E-04,-3.200000E-04,+2.000000E+00
+4.757000E-04,+0.000000E+00,-4.000000E-04,+2.040000E+00
+4.758000E-04,+0.000000E+00,-3.200000E-04,+2.040000E+00
+4.759000E-04,-2.000000E-04,-3.200000E-04,+2.040000E+00
+4.760000E-04,-2.000000E-04,-4.000000E-04,+2.040000E+00
+4.761000E-04,-2.000000E-04,-4.000000E-04,+2.000000E+00
+4.762000E-04,+0.000000E+00,-2.400000E-04,+2.040000E+00
+4.763000E-04,-2.000000E-04,-3.200000E-04,+2.000000E+00
+4.764000E-04,-2.000000E-04,-3.200000E-04,+2.040000E+00
+4.765000E-04,-2.000000E-04,-4.800000E-04,+2.040000E+00
+4.766000E-04,-2.000000E-04,-3.200000E-04,+2.040000E+00
+4.767000E-04,-2.000000E-04,-3.200000E-04,+2.040000E+00
+4.768000E-04,-2.000000E-04,-2.400000E-04,+2.040000E+00
+4.769000E-04,-2.000000E-04,-3.200000E-04,+2.000000E+00
+4.770000E-04,-2.000000E-04,-3.200000E-04,+2.000000E+00
+4.771000E-04,-2.000000E-04,-2.400000E-04,+2.040000E+00
+4.772000E-04,-2.000000E-04,-3.200000E-04,+2.040000E+00
+4.773000E-04,-2.000000E-04,-2.400000E-04,+2.040000E+00
+4.774000E-04,-2.000000E-04,-1.600000E-04,+2.040000E+00
+4.775000E-04,-4.000000E-04,-3.200000E-04,+2.040000E+00
+4.776000E-04,-2.000000E-04,-2.400000E-04,+2.040000E+00
+4.777000E-04,-2.000000E-04,-3.200000E-04,+2.040000E+00
+4.778000E-04,-2.000000E-04,-3.200000E-04,+2.040000E+00
+4.779000E-04,-2.000000E-04,-1.600000E-04,+2.040000E+00
+4.780000E-04,-4.000000E-04,-8.000000E-05,+2.040000E+00
+4.781000E-04,-2.000000E-04,-2.400000E-04,+2.040000E+00
+4.782000E-04,-2.000000E-04,-3.200000E-04,+2.040000E+00
+4.783000E-04,-2.000000E-04,-3.200000E-04,+2.040000E+00
+4.784000E-04,-2.000000E-04,-1.600000E-04,+2.040000E+00
+4.785000E-04,-2.000000E-04,-1.600000E-04,+2.040000E+00
+4.786000E-04,-4.000000E-04,-3.200000E-04,+2.000000E+00
+4.787000E-04,-4.000000E-04,-3.200000E-04,+2.000000E+00
+4.788000E-04,-4.000000E-04,-8.000000E-05,+2.040000E+00
+4.789000E-04,-4.000000E-04,-8.000000E-05,+2.040000E+00
+4.790000E-04,-4.000000E-04,-1.600000E-04,+2.040000E+00
+4.791000E-04,-4.000000E-04,-2.400000E-04,+2.040000E+00
+4.792000E-04,-6.000000E-04,-1.600000E-04,+2.040000E+00
+4.793000E-04,-4.000000E-04,-8.000000E-05,+2.000000E+00
+4.794000E-04,-6.000000E-04,-8.000000E-05,+2.040000E+00
+4.795000E-04,-4.000000E-04,+0.000000E+00,+2.000000E+00
+4.796000E-04,-4.000000E-04,-1.600000E-04,+2.040000E+00
+4.797000E-04,-2.000000E-04,-3.200000E-04,+2.040000E+00
+4.798000E-04,-4.000000E-04,-2.400000E-04,+2.040000E+00
+4.799000E-04,-4.000000E-04,-1.600000E-04,+2.040000E+00
+4.800000E-04,-4.000000E-04,+0.000000E+00,+2.040000E+00
+4.801000E-04,-4.000000E-04,-8.000000E-05,+2.040000E+00
+4.802000E-04,-4.000000E-04,-1.600000E-04,+2.040000E+00
+4.803000E-04,-4.000000E-04,-1.600000E-04,+2.040000E+00
+4.804000E-04,-4.000000E-04,-2.400000E-04,+2.040000E+00
+4.805000E-04,-4.000000E-04,-1.600000E-04,+2.040000E+00
+4.806000E-04,-4.000000E-04,-8.000000E-05,+2.040000E+00
+4.807000E-04,-4.000000E-04,+0.000000E+00,+2.000000E+00
+4.808000E-04,-4.000000E-04,+8.000000E-05,+2.040000E+00
+4.809000E-04,-4.000000E-04,-8.000000E-05,+2.040000E+00
+4.810000E-04,-4.000000E-04,-1.600000E-04,+2.040000E+00
+4.811000E-04,-4.000000E-04,+0.000000E+00,+2.040000E+00
+4.812000E-04,-4.000000E-04,+0.000000E+00,+2.040000E+00
+4.813000E-04,-4.000000E-04,+0.000000E+00,+2.040000E+00
+4.814000E-04,-4.000000E-04,-8.000000E-05,+2.040000E+00
+4.815000E-04,-4.000000E-04,-8.000000E-05,+2.040000E+00
+4.816000E-04,-2.000000E-04,-1.600000E-04,+2.040000E+00
+4.817000E-04,-4.000000E-04,+0.000000E+00,+2.000000E+00
+4.818000E-04,-4.000000E-04,-1.600000E-04,+2.040000E+00
+4.819000E-04,-4.000000E-04,+8.000000E-05,+2.040000E+00
+4.820000E-04,-4.000000E-04,-1.600000E-04,+2.040000E+00
+4.821000E-04,-4.000000E-04,-8.000000E-05,+2.040000E+00
+4.822000E-04,-2.000000E-04,-2.400000E-04,+2.000000E+00
+4.823000E-04,-4.000000E-04,+0.000000E+00,+2.000000E+00
+4.824000E-04,-4.000000E-04,-8.000000E-05,+2.040000E+00
+4.825000E-04,-4.000000E-04,+0.000000E+00,+2.040000E+00
+4.826000E-04,-4.000000E-04,-1.600000E-04,+2.040000E+00
+4.827000E-04,-4.000000E-04,+0.000000E+00,+2.040000E+00
+4.828000E-04,-2.000000E-04,+0.000000E+00,+2.000000E+00
+4.829000E-04,-4.000000E-04,+8.000000E-05,+2.040000E+00
+4.830000E-04,-2.000000E-04,-8.000000E-05,+2.040000E+00
+4.831000E-04,-2.000000E-04,+0.000000E+00,+2.000000E+00
+4.832000E-04,-2.000000E-04,-8.000000E-05,+2.000000E+00
+4.833000E-04,-2.000000E-04,+8.000000E-05,+2.040000E+00
+4.834000E-04,-2.000000E-04,-8.000000E-05,+2.040000E+00
+4.835000E-04,-2.000000E-04,+0.000000E+00,+2.040000E+00
+4.836000E-04,-2.000000E-04,-8.000000E-05,+2.040000E+00
+4.837000E-04,-4.000000E-04,+8.000000E-05,+2.040000E+00
+4.838000E-04,-2.000000E-04,-8.000000E-05,+2.040000E+00
+4.839000E-04,+0.000000E+00,+0.000000E+00,+2.040000E+00
+4.840000E-04,-2.000000E-04,-8.000000E-05,+2.000000E+00
+4.841000E-04,-4.000000E-04,+8.000000E-05,+2.040000E+00
+4.842000E-04,+0.000000E+00,+0.000000E+00,+2.040000E+00
+4.843000E-04,-2.000000E-04,+0.000000E+00,+2.040000E+00
+4.844000E-04,+0.000000E+00,-1.600000E-04,+2.040000E+00
+4.845000E-04,-2.000000E-04,-1.600000E-04,+2.000000E+00
+4.846000E-04,+0.000000E+00,-8.000000E-05,+2.040000E+00
+4.847000E-04,-2.000000E-04,-8.000000E-05,+2.040000E+00
+4.848000E-04,-2.000000E-04,+0.000000E+00,+2.040000E+00
+4.849000E-04,-2.000000E-04,-8.000000E-05,+2.040000E+00
+4.850000E-04,+0.000000E+00,-1.600000E-04,+2.040000E+00
+4.851000E-04,+0.000000E+00,-1.600000E-04,+2.040000E+00
+4.852000E-04,+0.000000E+00,-1.600000E-04,+2.000000E+00
+4.853000E-04,-2.000000E-04,-8.000000E-05,+2.000000E+00
+4.854000E-04,+0.000000E+00,+8.000000E-05,+2.000000E+00
+4.855000E-04,+0.000000E+00,-1.600000E-04,+2.040000E+00
+4.856000E-04,+0.000000E+00,-8.000000E-05,+2.040000E+00
+4.857000E-04,+0.000000E+00,-8.000000E-05,+2.040000E+00
+4.858000E-04,+0.000000E+00,+0.000000E+00,+2.040000E+00
+4.859000E-04,+0.000000E+00,-8.000000E-05,+2.000000E+00
+4.860000E-04,+0.000000E+00,-8.000000E-05,+2.040000E+00
+4.861000E-04,+2.000000E-04,-3.200000E-04,+2.000000E+00
+4.862000E-04,+2.000000E-04,-8.000000E-05,+2.040000E+00
+4.863000E-04,+2.000000E-04,-3.200000E-04,+2.040000E+00
+4.864000E-04,+0.000000E+00,-8.000000E-05,+2.040000E+00
+4.865000E-04,+0.000000E+00,-1.600000E-04,+2.040000E+00
+4.866000E-04,+0.000000E+00,-1.600000E-04,+2.040000E+00
+4.867000E-04,+2.000000E-04,-2.400000E-04,+2.040000E+00
+4.868000E-04,+0.000000E+00,-8.000000E-05,+2.040000E+00
+4.869000E-04,+0.000000E+00,-3.200000E-04,+2.040000E+00
+4.870000E-04,+0.000000E+00,-1.600000E-04,+2.040000E+00
+4.871000E-04,+2.000000E-04,-3.200000E-04,+2.040000E+00
+4.872000E-04,+0.000000E+00,-2.400000E-04,+2.040000E+00
+4.873000E-04,+2.000000E-04,-1.600000E-04,+2.040000E+00
+4.874000E-04,+0.000000E+00,-2.400000E-04,+2.040000E+00
+4.875000E-04,+0.000000E+00,-2.400000E-04,+2.040000E+00
+4.876000E-04,+0.000000E+00,-2.400000E-04,+2.040000E+00
+4.877000E-04,+2.000000E-04,-4.000000E-04,+2.040000E+00
+4.878000E-04,+0.000000E+00,-3.200000E-04,+2.000000E+00
+4.879000E-04,+2.000000E-04,-4.000000E-04,+2.040000E+00
+4.880000E-04,-2.000000E-04,-2.400000E-04,+2.040000E+00
+4.881000E-04,+0.000000E+00,-3.200000E-04,+2.040000E+00
+4.882000E-04,+0.000000E+00,-2.400000E-04,+2.040000E+00
+4.883000E-04,+2.000000E-04,-4.000000E-04,+2.000000E+00
+4.884000E-04,+0.000000E+00,-4.800000E-04,+2.000000E+00
+4.885000E-04,+4.000000E-04,-4.800000E-04,+2.000000E+00
+4.886000E-04,+0.000000E+00,-3.200000E-04,+2.040000E+00
+4.887000E-04,+2.000000E-04,-3.200000E-04,+2.000000E+00
+4.888000E-04,+2.000000E-04,-4.000000E-04,+2.040000E+00
+4.889000E-04,+4.000000E-04,-6.400000E-04,+2.000000E+00
+4.890000E-04,+0.000000E+00,-4.800000E-04,+2.040000E+00
+4.891000E-04,+0.000000E+00,-3.200000E-04,+2.040000E+00
+4.892000E-04,-2.000000E-04,-2.400000E-04,+2.040000E+00
+4.893000E-04,+0.000000E+00,-3.200000E-04,+2.040000E+00
+4.894000E-04,+0.000000E+00,-4.000000E-04,+2.000000E+00
+4.895000E-04,+2.000000E-04,-4.000000E-04,+2.040000E+00
+4.896000E-04,+0.000000E+00,-4.800000E-04,+2.040000E+00
+4.897000E-04,+2.000000E-04,-4.800000E-04,+2.040000E+00
+4.898000E-04,+0.000000E+00,-5.600000E-04,+2.040000E+00
+4.899000E-04,+0.000000E+00,-4.000000E-04,+2.040000E+00
+4.900000E-04,+0.000000E+00,-4.800000E-04,+2.040000E+00
+4.901000E-04,+2.000000E-04,-5.600000E-04,+2.040000E+00
+4.902000E-04,+2.000000E-04,-6.400000E-04,+2.000000E+00
+4.903000E-04,+0.000000E+00,-4.800000E-04,+2.040000E+00
+4.904000E-04,+0.000000E+00,-4.000000E-04,+2.040000E+00
+4.905000E-04,+2.000000E-04,-4.000000E-04,+2.040000E+00
+4.906000E-04,+2.000000E-04,-6.400000E-04,+2.040000E+00
+4.907000E-04,+2.000000E-04,-4.800000E-04,+2.040000E+00
+4.908000E-04,+0.000000E+00,-4.000000E-04,+2.040000E+00
+4.909000E-04,-2.000000E-04,-3.200000E-04,+2.040000E+00
+4.910000E-04,+0.000000E+00,-4.800000E-04,+2.040000E+00
+4.911000E-04,+2.000000E-04,-4.800000E-04,+2.040000E+00
+4.912000E-04,+2.000000E-04,-6.400000E-04,+2.040000E+00
+4.913000E-04,+0.000000E+00,-4.000000E-04,+2.040000E+00
+4.914000E-04,+0.000000E+00,-4.800000E-04,+2.040000E+00
+4.915000E-04,+0.000000E+00,-4.800000E-04,+2.040000E+00
+4.916000E-04,+0.000000E+00,-6.400000E-04,+2.040000E+00
+4.917000E-04,+0.000000E+00,-4.000000E-04,+2.040000E+00
+4.918000E-04,+0.000000E+00,-6.400000E-04,+2.040000E+00
+4.919000E-04,+0.000000E+00,-5.600000E-04,+2.040000E+00
+4.920000E-04,-2.000000E-04,-5.600000E-04,+2.040000E+00
+4.921000E-04,-2.000000E-04,-3.200000E-04,+2.040000E+00
+4.922000E-04,-2.000000E-04,-4.800000E-04,+2.000000E+00
+4.923000E-04,+0.000000E+00,-4.800000E-04,+2.040000E+00
+4.924000E-04,+0.000000E+00,-6.400000E-04,+2.040000E+00
+4.925000E-04,-2.000000E-04,-5.600000E-04,+2.040000E+00
+4.926000E-04,+0.000000E+00,-5.600000E-04,+2.040000E+00
+4.927000E-04,+0.000000E+00,-4.800000E-04,+2.040000E+00
+4.928000E-04,+0.000000E+00,-4.000000E-04,+2.040000E+00
+4.929000E-04,-2.000000E-04,-4.000000E-04,+2.000000E+00
+4.930000E-04,+0.000000E+00,-5.600000E-04,+2.040000E+00
+4.931000E-04,+0.000000E+00,-4.800000E-04,+2.040000E+00
+4.932000E-04,+0.000000E+00,-4.800000E-04,+2.040000E+00
+4.933000E-04,-2.000000E-04,-2.400000E-04,+2.040000E+00
+4.934000E-04,+0.000000E+00,-3.200000E-04,+2.040000E+00
+4.935000E-04,-2.000000E-04,-4.000000E-04,+2.040000E+00
+4.936000E-04,+0.000000E+00,-4.000000E-04,+2.000000E+00
+4.937000E-04,-2.000000E-04,-4.800000E-04,+2.000000E+00
+4.938000E-04,+0.000000E+00,-4.800000E-04,+2.040000E+00
+4.939000E-04,-2.000000E-04,-4.000000E-04,+2.040000E+00
+4.940000E-04,-2.000000E-04,-4.000000E-04,+2.000000E+00
+4.941000E-04,-4.000000E-04,-3.200000E-04,+2.040000E+00
+4.942000E-04,-2.000000E-04,-2.400000E-04,+2.040000E+00
+4.943000E-04,-2.000000E-04,-4.000000E-04,+2.040000E+00
+4.944000E-04,-2.000000E-04,-3.200000E-04,+2.040000E+00
+4.945000E-04,-2.000000E-04,-4.000000E-04,+2.000000E+00
+4.946000E-04,-2.000000E-04,-4.000000E-04,+2.040000E+00
+4.947000E-04,-2.000000E-04,-4.800000E-04,+2.040000E+00
+4.948000E-04,-2.000000E-04,-1.600000E-04,+2.040000E+00
+4.949000E-04,-2.000000E-04,-2.400000E-04,+2.040000E+00
+4.950000E-04,-2.000000E-04,-2.400000E-04,+2.000000E+00
+4.951000E-04,+0.000000E+00,-4.000000E-04,+2.040000E+00
+4.952000E-04,+0.000000E+00,-3.200000E-04,+2.040000E+00
+4.953000E-04,-2.000000E-04,-2.400000E-04,+2.000000E+00
+4.954000E-04,-2.000000E-04,-8.000000E-05,+2.000000E+00
+4.955000E-04,-4.000000E-04,-3.200000E-04,+2.040000E+00
+4.956000E-04,-2.000000E-04,-8.000000E-05,+2.040000E+00
+4.957000E-04,+0.000000E+00,-1.600000E-04,+2.040000E+00
+4.958000E-04,-2.000000E-04,-1.600000E-04,+2.040000E+00
+4.959000E-04,-2.000000E-04,-1.600000E-04,+2.040000E+00
+4.960000E-04,-2.000000E-04,-8.000000E-05,+2.040000E+00
+4.961000E-04,-2.000000E-04,-1.600000E-04,+2.040000E+00
+4.962000E-04,-2.000000E-04,+0.000000E+00,+2.040000E+00
+4.963000E-04,-2.000000E-04,-2.400000E-04,+2.000000E+00
+4.964000E-04,-2.000000E-04,-1.600000E-04,+2.040000E+00
+4.965000E-04,-2.000000E-04,-1.600000E-04,+2.040000E+00
+4.966000E-04,-2.000000E-04,-8.000000E-05,+2.000000E+00
+4.967000E-04,-2.000000E-04,-8.000000E-05,+2.040000E+00
+4.968000E-04,-2.000000E-04,-8.000000E-05,+2.000000E+00
+4.969000E-04,+0.000000E+00,-3.200000E-04,+2.000000E+00
+4.970000E-04,-2.000000E-04,-1.600000E-04,+2.040000E+00
+4.971000E-04,-2.000000E-04,-8.000000E-05,+2.040000E+00
+4.972000E-04,-4.000000E-04,+1.600000E-04,+2.040000E+00
+4.973000E-04,-2.000000E-04,+8.000000E-05,+2.000000E+00
+4.974000E-04,-2.000000E-04,+0.000000E+00,+2.000000E+00
+4.975000E-04,-2.000000E-04,-8.000000E-05,+2.000000E+00
+4.976000E-04,-2.000000E-04,-8.000000E-05,+2.040000E+00
+4.977000E-04,-2.000000E-04,+0.000000E+00,+2.040000E+00
+4.978000E-04,-2.000000E-04,+0.000000E+00,+2.000000E+00
+4.979000E-04,-2.000000E-04,+8.000000E-05,+2.040000E+00
+4.980000E-04,-4.000000E-04,+0.000000E+00,+2.000000E+00
+4.981000E-04,-2.000000E-04,-1.600000E-04,+2.040000E+00
+4.982000E-04,-2.000000E-04,-1.600000E-04,+2.040000E+00
+4.983000E-04,-2.000000E-04,+0.000000E+00,+2.000000E+00
+4.984000E-04,-4.000000E-04,+0.000000E+00,+2.040000E+00
+4.985000E-04,-2.000000E-04,+8.000000E-05,+2.040000E+00
+4.986000E-04,-2.000000E-04,+0.000000E+00,+2.000000E+00
+4.987000E-04,-2.000000E-04,-8.000000E-05,+2.040000E+00
+4.988000E-04,-2.000000E-04,-8.000000E-05,+2.040000E+00
+4.989000E-04,-2.000000E-04,-8.000000E-05,+2.000000E+00
+4.990000E-04,-2.000000E-04,+0.000000E+00,+2.040000E+00
+4.991000E-04,-2.000000E-04,+2.400000E-04,+2.000000E+00
+4.992000E-04,-4.000000E-04,+1.600000E-04,+2.000000E+00
+4.993000E-04,-2.000000E-04,+3.200000E-04,+2.040000E+00
+4.994000E-04,+0.000000E+00,+0.000000E+00,+2.040000E+00
+4.995000E-04,+0.000000E+00,+0.000000E+00,+2.000000E+00
+4.996000E-04,-2.000000E-04,+0.000000E+00,+2.000000E+00
+4.997000E-04,-2.000000E-04,+1.600000E-04,+2.000000E+00
+4.998000E-04,-2.000000E-04,+8.000000E-05,+2.040000E+00
+4.999000E-04,-4.000000E-04,+1.600000E-04,+2.000000E+00
+5.000000E-04,-2.000000E-04,-8.000000E-05,+2.000000E+00
+5.001000E-04,-2.000000E-04,+8.000000E-05,+2.040000E+00
+5.002000E-04,-2.000000E-04,+0.000000E+00,+2.000000E+00
+5.003000E-04,-2.000000E-04,+8.000000E-05,+2.000000E+00
+5.004000E-04,-2.000000E-04,+0.000000E+00,+2.040000E+00
+5.005000E-04,-4.000000E-04,+1.600000E-04,+2.040000E+00
+5.006000E-04,-2.000000E-04,+8.000000E-05,+2.000000E+00
+5.007000E-04,-2.000000E-04,+8.000000E-05,+2.000000E+00
+5.008000E-04,+0.000000E+00,+8.000000E-05,+2.040000E+00
+5.009000E-04,-2.000000E-04,+8.000000E-05,+2.040000E+00
+5.010000E-04,-2.000000E-04,+0.000000E+00,+2.040000E+00
+5.011000E-04,-2.000000E-04,+1.600000E-04,+2.040000E+00
+5.012000E-04,-2.000000E-04,+0.000000E+00,+2.040000E+00
+5.013000E-04,-2.000000E-04,+8.000000E-05,+2.040000E+00
+5.014000E-04,+0.000000E+00,-1.600000E-04,+2.040000E+00
+5.015000E-04,-2.000000E-04,-1.600000E-04,+2.000000E+00
+5.016000E-04,-2.000000E-04,+0.000000E+00,+2.040000E+00
+5.017000E-04,-4.000000E-04,+8.000000E-05,+2.040000E+00
+5.018000E-04,-2.000000E-04,+8.000000E-05,+2.040000E+00
+5.019000E-04,-4.000000E-04,+1.600000E-04,+2.040000E+00
+5.020000E-04,-2.000000E-04,+0.000000E+00,+2.040000E+00
+5.021000E-04,-2.000000E-04,-8.000000E-05,+2.000000E+00
+5.022000E-04,+0.000000E+00,-1.600000E-04,+2.040000E+00
+5.023000E-04,+0.000000E+00,+0.000000E+00,+2.040000E+00
+5.024000E-04,-2.000000E-04,+0.000000E+00,+2.040000E+00
+5.025000E-04,-2.000000E-04,-1.600000E-04,+2.040000E+00
+5.026000E-04,+0.000000E+00,-2.400000E-04,+2.040000E+00
+5.027000E-04,-2.000000E-04,-2.400000E-04,+2.040000E+00
+5.028000E-04,+0.000000E+00,-8.000000E-05,+2.040000E+00
+5.029000E-04,-2.000000E-04,-2.400000E-04,+2.000000E+00
+5.030000E-04,-2.000000E-04,-1.600000E-04,+2.040000E+00
+5.031000E-04,+0.000000E+00,-2.400000E-04,+2.040000E+00
+5.032000E-04,+0.000000E+00,-1.600000E-04,+2.040000E+00
+5.033000E-04,+0.000000E+00,-1.600000E-04,+2.000000E+00
+5.034000E-04,+0.000000E+00,-2.400000E-04,+2.040000E+00
+5.035000E-04,-2.000000E-04,-3.200000E-04,+2.040000E+00
+5.036000E-04,+0.000000E+00,-8.000000E-05,+2.040000E+00
+5.037000E-04,-2.000000E-04,-1.600000E-04,+2.040000E+00
+5.038000E-04,-2.000000E-04,-1.600000E-04,+2.040000E+00
+5.039000E-04,-2.000000E-04,-3.200000E-04,+2.040000E+00
+5.040000E-04,+0.000000E+00,-2.400000E-04,+2.040000E+00
+5.041000E-04,+0.000000E+00,-3.200000E-04,+2.040000E+00
+5.042000E-04,+0.000000E+00,-2.400000E-04,+2.000000E+00
+5.043000E-04,+0.000000E+00,-4.000000E-04,+2.040000E+00
+5.044000E-04,+0.000000E+00,-3.200000E-04,+2.040000E+00
+5.045000E-04,+0.000000E+00,-4.800000E-04,+2.040000E+00
+5.046000E-04,-4.000000E-04,-1.600000E-04,+2.040000E+00
+5.047000E-04,-2.000000E-04,-2.400000E-04,+2.040000E+00
+5.048000E-04,+0.000000E+00,-3.200000E-04,+2.040000E+00
+5.049000E-04,+0.000000E+00,-4.800000E-04,+2.000000E+00
+5.050000E-04,+0.000000E+00,-3.200000E-04,+2.040000E+00
+5.051000E-04,+0.000000E+00,-4.800000E-04,+2.000000E+00
+5.052000E-04,+0.000000E+00,-3.200000E-04,+2.000000E+00
+5.053000E-04,+0.000000E+00,-4.000000E-04,+2.040000E+00
+5.054000E-04,-2.000000E-04,-4.000000E-04,+2.040000E+00
+5.055000E-04,-2.000000E-04,-5.600000E-04,+2.000000E+00
+5.056000E-04,+0.000000E+00,-4.000000E-04,+2.000000E+00
+5.057000E-04,+0.000000E+00,-3.200000E-04,+2.000000E+00
+5.058000E-04,-2.000000E-04,-4.000000E-04,+2.040000E+00
+5.059000E-04,+0.000000E+00,-4.800000E-04,+2.040000E+00
+5.060000E-04,+0.000000E+00,-4.800000E-04,+2.040000E+00
+5.061000E-04,+0.000000E+00,-5.600000E-04,+2.040000E+00
+5.062000E-04,-2.000000E-04,-3.200000E-04,+2.040000E+00
+5.063000E-04,-2.000000E-04,-4.800000E-04,+2.040000E+00
+5.064000E-04,+0.000000E+00,-4.800000E-04,+2.040000E+00
+5.065000E-04,+0.000000E+00,-5.600000E-04,+2.040000E+00
+5.066000E-04,+0.000000E+00,-4.800000E-04,+2.040000E+00
+5.067000E-04,+0.000000E+00,-4.800000E-04,+2.040000E+00
+5.068000E-04,-2.000000E-04,-4.000000E-04,+2.040000E+00
+5.069000E-04,+0.000000E+00,-4.800000E-04,+2.000000E+00
+5.070000E-04,+0.000000E+00,-5.600000E-04,+2.040000E+00
+5.071000E-04,+0.000000E+00,-6.400000E-04,+2.040000E+00
+5.072000E-04,+0.000000E+00,-5.600000E-04,+2.000000E+00
+5.073000E-04,+2.000000E-04,-4.800000E-04,+2.040000E+00
+5.074000E-04,+0.000000E+00,-4.800000E-04,+2.040000E+00
+5.075000E-04,-2.000000E-04,-4.000000E-04,+2.040000E+00
+5.076000E-04,+0.000000E+00,-4.800000E-04,+2.040000E+00
+5.077000E-04,+0.000000E+00,-4.800000E-04,+2.040000E+00
+5.078000E-04,+0.000000E+00,-4.800000E-04,+2.000000E+00
+5.079000E-04,+0.000000E+00,-4.000000E-04,+2.040000E+00
+5.080000E-04,-2.000000E-04,-4.000000E-04,+2.040000E+00
+5.081000E-04,+0.000000E+00,-4.000000E-04,+2.000000E+00
+5.082000E-04,+2.000000E-04,-4.800000E-04,+2.000000E+00
+5.083000E-04,+0.000000E+00,-5.600000E-04,+2.000000E+00
+5.084000E-04,+0.000000E+00,-6.400000E-04,+2.040000E+00
+5.085000E-04,+0.000000E+00,-4.800000E-04,+2.040000E+00
+5.086000E-04,+0.000000E+00,-5.600000E-04,+2.000000E+00
+5.087000E-04,+0.000000E+00,-4.800000E-04,+2.040000E+00
+5.088000E-04,+0.000000E+00,-5.600000E-04,+2.040000E+00
+5.089000E-04,+0.000000E+00,-4.800000E-04,+2.000000E+00
+5.090000E-04,+0.000000E+00,-4.800000E-04,+2.040000E+00
+5.091000E-04,+0.000000E+00,-4.000000E-04,+2.000000E+00
+5.092000E-04,+0.000000E+00,-4.800000E-04,+2.000000E+00
+5.093000E-04,+2.000000E-04,-3.200000E-04,+2.040000E+00
+5.094000E-04,+0.000000E+00,-4.800000E-04,+2.000000E+00
+5.095000E-04,+0.000000E+00,-3.200000E-04,+2.000000E+00
+5.096000E-04,+0.000000E+00,-5.600000E-04,+2.000000E+00
+5.097000E-04,+2.000000E-04,-4.000000E-04,+2.000000E+00
+5.098000E-04,+2.000000E-04,-5.600000E-04,+2.040000E+00
+5.099000E-04,+0.000000E+00,-4.800000E-04,+2.000000E+00
+5.100000E-04,+0.000000E+00,-4.800000E-04,+2.040000E+00
+5.101000E-04,+0.000000E+00,-3.200000E-04,+2.040000E+00
+5.102000E-04,+0.000000E+00,-4.000000E-04,+2.040000E+00
+5.103000E-04,+0.000000E+00,-4.000000E-04,+2.000000E+00
+5.104000E-04,-2.000000E-04,-4.800000E-04,+2.040000E+00
+5.105000E-04,+0.000000E+00,-3.200000E-04,+2.040000E+00
+5.106000E-04,+2.000000E-04,-4.000000E-04,+2.040000E+00
+5.107000E-04,+0.000000E+00,-2.400000E-04,+2.000000E+00
+5.108000E-04,+0.000000E+00,-1.600000E-04,+2.040000E+00
+5.109000E-04,+0.000000E+00,-4.000000E-04,+2.000000E+00
+5.110000E-04,+2.000000E-04,-4.800000E-04,+2.040000E+00
+5.111000E-04,+0.000000E+00,-4.000000E-04,+2.040000E+00
+5.112000E-04,+0.000000E+00,-4.000000E-04,+2.040000E+00
+5.113000E-04,+0.000000E+00,-3.200000E-04,+2.040000E+00
+5.114000E-04,+0.000000E+00,-4.000000E-04,+2.040000E+00
+5.115000E-04,-2.000000E-04,-3.200000E-04,+2.040000E+00
+5.116000E-04,+0.000000E+00,-2.400000E-04,+2.040000E+00
+5.117000E-04,-2.000000E-04,-3.200000E-04,+2.000000E+00
+5.118000E-04,+0.000000E+00,-3.200000E-04,+2.040000E+00
+5.119000E-04,+0.000000E+00,-3.200000E-04,+2.040000E+00
+5.120000E-04,+0.000000E+00,-3.200000E-04,+2.000000E+00
+5.121000E-04,+0.000000E+00,-2.400000E-04,+2.000000E+00
+5.122000E-04,+0.000000E+00,-2.400000E-04,+2.040000E+00
+5.123000E-04,+0.000000E+00,-1.600000E-04,+2.040000E+00
+5.124000E-04,+0.000000E+00,-1.600000E-04,+2.040000E+00
+5.125000E-04,-2.000000E-04,-1.600000E-04,+2.040000E+00
+5.126000E-04,+0.000000E+00,-1.600000E-04,+2.040000E+00
+5.127000E-04,+0.000000E+00,-8.000000E-05,+2.000000E+00
+5.128000E-04,+0.000000E+00,+0.000000E+00,+2.040000E+00
+5.129000E-04,-2.000000E-04,-1.600000E-04,+2.040000E+00
+5.130000E-04,+0.000000E+00,-2.400000E-04,+2.000000E+00
+5.131000E-04,+0.000000E+00,-1.600000E-04,+2.040000E+00
+5.132000E-04,+0.000000E+00,-8.000000E-05,+2.040000E+00
+5.133000E-04,-2.000000E-04,+0.000000E+00,+2.040000E+00
+5.134000E-04,-2.000000E-04,-1.600000E-04,+2.000000E+00
+5.135000E-04,+0.000000E+00,-1.600000E-04,+2.040000E+00
+5.136000E-04,+2.000000E-04,-2.400000E-04,+2.040000E+00
+5.137000E-04,-2.000000E-04,-8.000000E-05,+2.040000E+00
+5.138000E-04,-2.000000E-04,+8.000000E-05,+2.000000E+00
+5.139000E-04,-2.000000E-04,+1.600000E-04,+2.040000E+00
+5.140000E-04,+0.000000E+00,-8.000000E-05,+2.040000E+00
+5.141000E-04,+0.000000E+00,-8.000000E-05,+2.040000E+00
+5.142000E-04,+0.000000E+00,-8.000000E-05,+2.040000E+00
+5.143000E-04,+0.000000E+00,+0.000000E+00,+2.040000E+00
+5.144000E-04,+0.000000E+00,+0.000000E+00,+2.040000E+00
+5.145000E-04,-2.000000E-04,+0.000000E+00,+2.040000E+00
+5.146000E-04,-2.000000E-04,+0.000000E+00,+2.040000E+00
+5.147000E-04,+0.000000E+00,+0.000000E+00,+2.000000E+00
+5.148000E-04,+0.000000E+00,+8.000000E-05,+2.040000E+00
+5.149000E-04,-2.000000E-04,-8.000000E-05,+2.040000E+00
+5.150000E-04,+0.000000E+00,+0.000000E+00,+2.040000E+00
+5.151000E-04,+0.000000E+00,-1.600000E-04,+2.040000E+00
+5.152000E-04,-2.000000E-04,-8.000000E-05,+2.040000E+00
+5.153000E-04,-2.000000E-04,+8.000000E-05,+2.040000E+00
+5.154000E-04,-4.000000E-04,+8.000000E-05,+2.000000E+00
+5.155000E-04,+0.000000E+00,-8.000000E-05,+2.040000E+00
+5.156000E-04,+0.000000E+00,-8.000000E-05,+2.000000E+00
+5.157000E-04,+0.000000E+00,-8.000000E-05,+2.040000E+00
+5.158000E-04,-2.000000E-04,-8.000000E-05,+2.000000E+00
+5.159000E-04,-2.000000E-04,-8.000000E-05,+2.040000E+00
+5.160000E-04,-2.000000E-04,+8.000000E-05,+2.040000E+00
+5.161000E-04,-4.000000E-04,+8.000000E-05,+2.040000E+00
+5.162000E-04,-2.000000E-04,+8.000000E-05,+2.040000E+00
+5.163000E-04,-2.000000E-04,-8.000000E-05,+2.040000E+00
+5.164000E-04,-2.000000E-04,+0.000000E+00,+2.040000E+00
+5.165000E-04,-4.000000E-04,-8.000000E-05,+2.040000E+00
+5.166000E-04,-2.000000E-04,+0.000000E+00,+2.040000E+00
+5.167000E-04,-2.000000E-04,-8.000000E-05,+2.040000E+00
+5.168000E-04,-2.000000E-04,+0.000000E+00,+2.000000E+00
+5.169000E-04,-2.000000E-04,-1.600000E-04,+2.040000E+00
+5.170000E-04,-2.000000E-04,-8.000000E-05,+2.040000E+00
+5.171000E-04,-2.000000E-04,+0.000000E+00,+2.000000E+00
+5.172000E-04,-4.000000E-04,+0.000000E+00,+2.040000E+00
+5.173000E-04,-2.000000E-04,-8.000000E-05,+2.040000E+00
+5.174000E-04,-2.000000E-04,-1.600000E-04,+2.040000E+00
+5.175000E-04,-2.000000E-04,-8.000000E-05,+2.040000E+00
+5.176000E-04,-2.000000E-04,-8.000000E-05,+2.040000E+00
+5.177000E-04,-4.000000E-04,+8.000000E-05,+2.040000E+00
+5.178000E-04,-4.000000E-04,+0.000000E+00,+2.040000E+00
+5.179000E-04,-2.000000E-04,-8.000000E-05,+2.000000E+00
+5.180000E-04,-2.000000E-04,-2.400000E-04,+2.000000E+00
+5.181000E-04,-2.000000E-04,-8.000000E-05,+2.040000E+00
+5.182000E-04,-2.000000E-04,+0.000000E+00,+2.040000E+00
+5.183000E-04,-2.000000E-04,-1.600000E-04,+2.040000E+00
+5.184000E-04,-4.000000E-04,-1.600000E-04,+2.040000E+00
+5.185000E-04,-4.000000E-04,-8.000000E-05,+2.040000E+00
+5.186000E-04,-2.000000E-04,-8.000000E-05,+2.040000E+00
+5.187000E-04,-2.000000E-04,-8.000000E-05,+2.040000E+00
+5.188000E-04,-4.000000E-04,-8.000000E-05,+2.040000E+00
+5.189000E-04,-4.000000E-04,-8.000000E-05,+2.040000E+00
+5.190000E-04,-2.000000E-04,-2.400000E-04,+2.040000E+00
+5.191000E-04,-2.000000E-04,-3.200000E-04,+2.040000E+00
+5.192000E-04,-4.000000E-04,-1.600000E-04,+2.000000E+00
+5.193000E-04,-2.000000E-04,-8.000000E-05,+2.040000E+00
+5.194000E-04,-2.000000E-04,-1.600000E-04,+2.000000E+00
+5.195000E-04,-2.000000E-04,-2.400000E-04,+2.040000E+00
+5.196000E-04,-4.000000E-04,-2.400000E-04,+2.000000E+00
+5.197000E-04,-2.000000E-04,-8.000000E-05,+2.040000E+00
+5.198000E-04,-2.000000E-04,-1.600000E-04,+2.040000E+00
+5.199000E-04,-4.000000E-04,-2.400000E-04,+2.040000E+00
+5.200000E-04,-2.000000E-04,-4.000000E-04,+2.040000E+00
+5.201000E-04,-2.000000E-04,-3.200000E-04,+2.040000E+00
+5.202000E-04,-2.000000E-04,-2.400000E-04,+2.000000E+00
+5.203000E-04,-4.000000E-04,-1.600000E-04,+2.000000E+00
+5.204000E-04,-4.000000E-04,-1.600000E-04,+2.040000E+00
+5.205000E-04,-2.000000E-04,-2.400000E-04,+2.040000E+00
+5.206000E-04,-2.000000E-04,-3.200000E-04,+2.000000E+00
+5.207000E-04,-2.000000E-04,-3.200000E-04,+2.040000E+00
+5.208000E-04,-2.000000E-04,-3.200000E-04,+2.040000E+00
+5.209000E-04,-4.000000E-04,-1.600000E-04,+2.040000E+00
+5.210000E-04,-2.000000E-04,-1.600000E-04,+2.040000E+00
+5.211000E-04,-2.000000E-04,-2.400000E-04,+2.040000E+00
+5.212000E-04,-2.000000E-04,-3.200000E-04,+2.000000E+00
+5.213000E-04,+0.000000E+00,-3.200000E-04,+2.040000E+00
+5.214000E-04,-2.000000E-04,-2.400000E-04,+2.040000E+00
+5.215000E-04,-2.000000E-04,-4.000000E-04,+2.040000E+00
+5.216000E-04,-2.000000E-04,-3.200000E-04,+2.000000E+00
+5.217000E-04,-2.000000E-04,-2.400000E-04,+2.000000E+00
+5.218000E-04,-2.000000E-04,-3.200000E-04,+2.040000E+00
+5.219000E-04,-2.000000E-04,-2.400000E-04,+2.040000E+00
+5.220000E-04,-2.000000E-04,-2.400000E-04,+2.040000E+00
+5.221000E-04,-2.000000E-04,-4.000000E-04,+2.040000E+00
+5.222000E-04,+0.000000E+00,-4.000000E-04,+2.000000E+00
+5.223000E-04,-2.000000E-04,-3.200000E-04,+2.040000E+00
+5.224000E-04,-2.000000E-04,-2.400000E-04,+2.040000E+00
+5.225000E-04,-2.000000E-04,-2.400000E-04,+2.040000E+00
+5.226000E-04,-2.000000E-04,-4.000000E-04,+2.040000E+00
+5.227000E-04,-2.000000E-04,-3.200000E-04,+2.040000E+00
+5.228000E-04,+0.000000E+00,-4.000000E-04,+2.040000E+00
+5.229000E-04,-2.000000E-04,-4.800000E-04,+2.000000E+00
+5.230000E-04,-2.000000E-04,-3.200000E-04,+2.040000E+00
+5.231000E-04,-2.000000E-04,-3.200000E-04,+2.000000E+00
+5.232000E-04,+0.000000E+00,-4.000000E-04,+2.000000E+00
+5.233000E-04,+0.000000E+00,-4.000000E-04,+2.040000E+00
+5.234000E-04,+0.000000E+00,-4.800000E-04,+2.000000E+00
+5.235000E-04,-2.000000E-04,-3.200000E-04,+2.040000E+00
+5.236000E-04,-2.000000E-04,-3.200000E-04,+2.040000E+00
+5.237000E-04,+0.000000E+00,-3.200000E-04,+2.040000E+00
+5.238000E-04,+0.000000E+00,-3.200000E-04,+2.040000E+00
+5.239000E-04,+0.000000E+00,-3.200000E-04,+2.040000E+00
+5.240000E-04,+0.000000E+00,-3.200000E-04,+2.000000E+00
+5.241000E-04,+0.000000E+00,-4.000000E-04,+2.040000E+00
+5.242000E-04,+0.000000E+00,-4.000000E-04,+2.040000E+00
+5.243000E-04,+0.000000E+00,-4.000000E-04,+2.040000E+00
+5.244000E-04,+0.000000E+00,-3.200000E-04,+2.040000E+00
+5.245000E-04,+0.000000E+00,-4.000000E-04,+2.040000E+00
+5.246000E-04,+0.000000E+00,-4.000000E-04,+2.040000E+00
+5.247000E-04,+2.000000E-04,-4.000000E-04,+2.000000E+00
+5.248000E-04,+2.000000E-04,-4.000000E-04,+2.000000E+00
+5.249000E-04,-2.000000E-04,-4.000000E-04,+2.040000E+00
+5.250000E-04,+0.000000E+00,-3.200000E-04,+2.040000E+00
+5.251000E-04,+2.000000E-04,-4.000000E-04,+2.000000E+00
+5.252000E-04,+2.000000E-04,-5.600000E-04,+2.040000E+00
+5.253000E-04,+0.000000E+00,-4.000000E-04,+2.040000E+00
+5.254000E-04,-2.000000E-04,-1.600000E-04,+2.000000E+00
+5.255000E-04,+0.000000E+00,-2.400000E-04,+2.040000E+00
+5.256000E-04,+2.000000E-04,-4.800000E-04,+2.040000E+00
+5.257000E-04,+2.000000E-04,-5.600000E-04,+2.000000E+00
+5.258000E-04,+0.000000E+00,-4.800000E-04,+2.040000E+00
+5.259000E-04,+0.000000E+00,-1.600000E-04,+2.040000E+00
+5.260000E-04,+0.000000E+00,-1.600000E-04,+2.000000E+00
+5.261000E-04,+2.000000E-04,-4.000000E-04,+2.000000E+00
+5.262000E-04,+2.000000E-04,-4.800000E-04,+2.040000E+00
+5.263000E-04,+2.000000E-04,-3.200000E-04,+2.040000E+00
+5.264000E-04,+2.000000E-04,-4.000000E-04,+2.040000E+00
+5.265000E-04,+0.000000E+00,-4.000000E-04,+2.040000E+00
+5.266000E-04,+0.000000E+00,-3.200000E-04,+2.040000E+00
+5.267000E-04,+2.000000E-04,-3.200000E-04,+2.040000E+00
+5.268000E-04,+2.000000E-04,-3.200000E-04,+2.040000E+00
+5.269000E-04,+0.000000E+00,-3.200000E-04,+2.040000E+00
+5.270000E-04,+0.000000E+00,-3.200000E-04,+2.000000E+00
+5.271000E-04,+2.000000E-04,-3.200000E-04,+2.040000E+00
+5.272000E-04,+2.000000E-04,-3.200000E-04,+2.040000E+00
+5.273000E-04,+0.000000E+00,-2.400000E-04,+2.000000E+00
+5.274000E-04,+0.000000E+00,-2.400000E-04,+2.040000E+00
+5.275000E-04,+0.000000E+00,-3.200000E-04,+2.040000E+00
+5.276000E-04,+2.000000E-04,-3.200000E-04,+2.040000E+00
+5.277000E-04,+2.000000E-04,-3.200000E-04,+2.040000E+00
+5.278000E-04,+2.000000E-04,-3.200000E-04,+2.040000E+00
+5.279000E-04,+0.000000E+00,-8.000000E-05,+2.040000E+00
+5.280000E-04,+0.000000E+00,-2.400000E-04,+2.040000E+00
+5.281000E-04,+2.000000E-04,-3.200000E-04,+2.040000E+00
+5.282000E-04,+2.000000E-04,-3.200000E-04,+2.040000E+00
+5.283000E-04,+2.000000E-04,-3.200000E-04,+2.040000E+00
+5.284000E-04,+0.000000E+00,-2.400000E-04,+2.040000E+00
+5.285000E-04,+0.000000E+00,-1.600000E-04,+2.040000E+00
+5.286000E-04,+0.000000E+00,-1.600000E-04,+2.000000E+00
+5.287000E-04,+0.000000E+00,-2.400000E-04,+2.000000E+00
+5.288000E-04,+2.000000E-04,-4.000000E-04,+2.040000E+00
+5.289000E-04,+2.000000E-04,-4.000000E-04,+2.040000E+00
+5.290000E-04,+2.000000E-04,-2.400000E-04,+2.000000E+00
+5.291000E-04,+0.000000E+00,-8.000000E-05,+2.000000E+00
+5.292000E-04,+0.000000E+00,-8.000000E-05,+2.000000E+00
+5.293000E-04,+0.000000E+00,-8.000000E-05,+2.040000E+00
+5.294000E-04,+2.000000E-04,-2.400000E-04,+2.040000E+00
+5.295000E-04,+2.000000E-04,-4.000000E-04,+2.040000E+00
+5.296000E-04,+2.000000E-04,-3.200000E-04,+2.040000E+00
+5.297000E-04,+2.000000E-04,-1.600000E-04,+2.000000E+00
+5.298000E-04,+0.000000E+00,-1.600000E-04,+2.040000E+00
+5.299000E-04,+0.000000E+00,-8.000000E-05,+2.000000E+00
+5.300000E-04,-2.000000E-04,-8.000000E-05,+2.040000E+00
+5.301000E-04,+0.000000E+00,-1.600000E-04,+2.040000E+00
+5.302000E-04,+2.000000E-04,-2.400000E-04,+2.000000E+00
+5.303000E-04,+0.000000E+00,-3.200000E-04,+2.040000E+00
+5.304000E-04,-2.000000E-04,-1.600000E-04,+2.040000E+00
+5.305000E-04,+0.000000E+00,-1.600000E-04,+2.040000E+00
+5.306000E-04,+0.000000E+00,-2.400000E-04,+2.040000E+00
+5.307000E-04,+0.000000E+00,-2.400000E-04,+2.040000E+00
+5.308000E-04,+0.000000E+00,-1.600000E-04,+2.000000E+00
+5.309000E-04,+0.000000E+00,-2.400000E-04,+2.000000E+00
+5.310000E-04,+0.000000E+00,-1.600000E-04,+2.000000E+00
+5.311000E-04,-2.000000E-04,-1.600000E-04,+2.040000E+00
+5.312000E-04,-2.000000E-04,-8.000000E-05,+2.040000E+00
+5.313000E-04,+0.000000E+00,-2.400000E-04,+2.040000E+00
+5.314000E-04,+0.000000E+00,-1.600000E-04,+2.000000E+00
+5.315000E-04,+0.000000E+00,-2.400000E-04,+2.040000E+00
+5.316000E-04,-2.000000E-04,-8.000000E-05,+2.040000E+00
+5.317000E-04,+0.000000E+00,-8.000000E-05,+2.000000E+00
+5.318000E-04,+0.000000E+00,-2.400000E-04,+2.040000E+00
+5.319000E-04,-2.000000E-04,-2.400000E-04,+2.000000E+00
+5.320000E-04,-2.000000E-04,-2.400000E-04,+2.040000E+00
+5.321000E-04,-2.000000E-04,-8.000000E-05,+2.040000E+00
+5.322000E-04,-2.000000E-04,+0.000000E+00,+2.040000E+00
+5.323000E-04,-2.000000E-04,-8.000000E-05,+2.000000E+00
+5.324000E-04,-2.000000E-04,-1.600000E-04,+2.040000E+00
+5.325000E-04,-2.000000E-04,-1.600000E-04,+2.040000E+00
+5.326000E-04,+0.000000E+00,-2.400000E-04,+2.000000E+00
+5.327000E-04,+0.000000E+00,-1.600000E-04,+2.040000E+00
+5.328000E-04,-2.000000E-04,-1.600000E-04,+2.040000E+00
+5.329000E-04,-2.000000E-04,-8.000000E-05,+2.040000E+00
+5.330000E-04,-2.000000E-04,-8.000000E-05,+2.040000E+00
+5.331000E-04,-2.000000E-04,-1.600000E-04,+2.000000E+00
+5.332000E-04,-2.000000E-04,-2.400000E-04,+2.000000E+00
+5.333000E-04,-2.000000E-04,-1.600000E-04,+2.000000E+00
+5.334000E-04,-2.000000E-04,-2.400000E-04,+2.040000E+00
+5.335000E-04,-2.000000E-04,-1.600000E-04,+2.040000E+00
+5.336000E-04,-4.000000E-04,-8.000000E-05,+2.000000E+00
+5.337000E-04,-4.000000E-04,-8.000000E-05,+2.000000E+00
+5.338000E-04,-4.000000E-04,-2.400000E-04,+2.040000E+00
+5.339000E-04,-4.000000E-04,-1.600000E-04,+2.000000E+00
+5.340000E-04,-4.000000E-04,-1.600000E-04,+2.040000E+00
+5.341000E-04,-4.000000E-04,+0.000000E+00,+2.040000E+00
+5.342000E-04,-4.000000E-04,+0.000000E+00,+2.040000E+00
+5.343000E-04,-2.000000E-04,-1.600000E-04,+2.000000E+00
+5.344000E-04,-2.000000E-04,-2.400000E-04,+2.040000E+00
+5.345000E-04,-4.000000E-04,-1.600000E-04,+2.040000E+00
+5.346000E-04,-4.000000E-04,-2.400000E-04,+2.000000E+00
+5.347000E-04,-4.000000E-04,+0.000000E+00,+2.040000E+00
+5.348000E-04,-4.000000E-04,-1.600000E-04,+2.040000E+00
+5.349000E-04,-4.000000E-04,-2.400000E-04,+2.040000E+00
+5.350000E-04,-4.000000E-04,-3.200000E-04,+2.040000E+00
+5.351000E-04,-4.000000E-04,-1.600000E-04,+2.000000E+00
+5.352000E-04,-4.000000E-04,-8.000000E-05,+2.040000E+00
+5.353000E-04,-6.000000E-04,-8.000000E-05,+2.040000E+00
+5.354000E-04,-4.000000E-04,-3.200000E-04,+2.040000E+00
+5.355000E-04,-4.000000E-04,-2.400000E-04,+2.000000E+00
+5.356000E-04,-4.000000E-04,-8.000000E-05,+2.040000E+00
+5.357000E-04,-4.000000E-04,-8.000000E-05,+2.040000E+00
+5.358000E-04,-4.000000E-04,-1.600000E-04,+2.040000E+00
+5.359000E-04,-4.000000E-04,-8.000000E-05,+2.040000E+00
+5.360000E-04,-2.000000E-04,-2.400000E-04,+2.040000E+00
+5.361000E-04,-2.000000E-04,-2.400000E-04,+2.040000E+00
+5.362000E-04,-2.000000E-04,-3.200000E-04,+2.000000E+00
+5.363000E-04,-4.000000E-04,-1.600000E-04,+2.040000E+00
+5.364000E-04,-4.000000E-04,-8.000000E-05,+2.040000E+00
+5.365000E-04,-4.000000E-04,-8.000000E-05,+2.040000E+00
+5.366000E-04,-2.000000E-04,-1.600000E-04,+2.040000E+00
+5.367000E-04,-4.000000E-04,-1.600000E-04,+2.000000E+00
+5.368000E-04,-2.000000E-04,-2.400000E-04,+2.000000E+00
+5.369000E-04,-6.000000E-04,-1.600000E-04,+2.040000E+00
+5.370000E-04,-4.000000E-04,-1.600000E-04,+2.040000E+00
+5.371000E-04,-4.000000E-04,-1.600000E-04,+2.000000E+00
+5.372000E-04,-2.000000E-04,-2.400000E-04,+2.040000E+00
+5.373000E-04,-4.000000E-04,-2.400000E-04,+2.000000E+00
+5.374000E-04,-4.000000E-04,-2.400000E-04,+2.040000E+00
+5.375000E-04,-4.000000E-04,-2.400000E-04,+2.000000E+00
+5.376000E-04,-2.000000E-04,-1.600000E-04,+2.000000E+00
+5.377000E-04,-2.000000E-04,-1.600000E-04,+2.040000E+00
+5.378000E-04,-2.000000E-04,-2.400000E-04,+2.040000E+00
+5.379000E-04,-2.000000E-04,-3.200000E-04,+2.040000E+00
+5.380000E-04,-4.000000E-04,-2.400000E-04,+2.040000E+00
+5.381000E-04,-4.000000E-04,-8.000000E-05,+2.040000E+00
+5.382000E-04,-4.000000E-04,+0.000000E+00,+2.040000E+00
+5.383000E-04,-2.000000E-04,-2.400000E-04,+2.000000E+00
+5.384000E-04,+0.000000E+00,-1.600000E-04,+2.040000E+00
+5.385000E-04,-2.000000E-04,-2.400000E-04,+2.000000E+00
+5.386000E-04,-2.000000E-04,-1.600000E-04,+2.040000E+00
+5.387000E-04,-2.000000E-04,-2.400000E-04,+2.040000E+00
+5.388000E-04,-2.000000E-04,-8.000000E-05,+2.040000E+00
+5.389000E-04,-2.000000E-04,-1.600000E-04,+2.040000E+00
+5.390000E-04,-2.000000E-04,-8.000000E-05,+2.040000E+00
+5.391000E-04,+0.000000E+00,-4.000000E-04,+2.000000E+00
+5.392000E-04,-2.000000E-04,-2.400000E-04,+2.040000E+00
+5.393000E-04,-2.000000E-04,-2.400000E-04,+2.000000E+00
+5.394000E-04,-2.000000E-04,-2.400000E-04,+2.000000E+00
+5.395000E-04,-2.000000E-04,-2.400000E-04,+2.000000E+00
+5.396000E-04,-2.000000E-04,-8.000000E-05,+2.040000E+00
+5.397000E-04,-2.000000E-04,-2.400000E-04,+2.000000E+00
+5.398000E-04,+0.000000E+00,-2.400000E-04,+2.040000E+00
+5.399000E-04,+0.000000E+00,-3.200000E-04,+2.040000E+00
+5.400000E-04,+0.000000E+00,-2.400000E-04,+2.040000E+00
+5.401000E-04,+0.000000E+00,-1.600000E-04,+2.040000E+00
+5.402000E-04,+0.000000E+00,-2.400000E-04,+2.040000E+00
+5.403000E-04,+0.000000E+00,-3.200000E-04,+2.040000E+00
+5.404000E-04,+0.000000E+00,-2.400000E-04,+2.040000E+00
+5.405000E-04,+0.000000E+00,-3.200000E-04,+2.040000E+00
+5.406000E-04,+0.000000E+00,-1.600000E-04,+2.000000E+00
+5.407000E-04,+0.000000E+00,-4.000000E-04,+2.040000E+00
+5.408000E-04,-2.000000E-04,-2.400000E-04,+2.040000E+00
+5.409000E-04,+0.000000E+00,-2.400000E-04,+2.000000E+00
+5.410000E-04,+0.000000E+00,-2.400000E-04,+2.000000E+00
+5.411000E-04,+0.000000E+00,-3.200000E-04,+2.000000E+00
+5.412000E-04,+0.000000E+00,-1.600000E-04,+2.000000E+00
+5.413000E-04,+0.000000E+00,-2.400000E-04,+2.000000E+00
+5.414000E-04,+0.000000E+00,-1.600000E-04,+2.040000E+00
+5.415000E-04,+0.000000E+00,-2.400000E-04,+2.040000E+00
+5.416000E-04,+2.000000E-04,-2.400000E-04,+2.040000E+00
+5.417000E-04,+2.000000E-04,-3.200000E-04,+2.040000E+00
+5.418000E-04,+0.000000E+00,-1.600000E-04,+2.040000E+00
+5.419000E-04,+0.000000E+00,-2.400000E-04,+2.040000E+00
+5.420000E-04,+0.000000E+00,-3.200000E-04,+2.000000E+00
+5.421000E-04,+2.000000E-04,-3.200000E-04,+2.000000E+00
+5.422000E-04,+0.000000E+00,-2.400000E-04,+2.040000E+00
+5.423000E-04,+0.000000E+00,-3.200000E-04,+2.040000E+00
+5.424000E-04,+0.000000E+00,-3.200000E-04,+2.000000E+00
+5.425000E-04,+0.000000E+00,-2.400000E-04,+2.000000E+00
+5.426000E-04,+2.000000E-04,-3.200000E-04,+2.040000E+00
+5.427000E-04,+2.000000E-04,-3.200000E-04,+2.000000E+00
+5.428000E-04,+0.000000E+00,-3.200000E-04,+2.000000E+00
+5.429000E-04,+2.000000E-04,-3.200000E-04,+2.040000E+00
+5.430000E-04,+0.000000E+00,-3.200000E-04,+2.000000E+00
+5.431000E-04,+0.000000E+00,-1.600000E-04,+2.000000E+00
+5.432000E-04,+0.000000E+00,-1.600000E-04,+2.000000E+00
+5.433000E-04,+2.000000E-04,-3.200000E-04,+2.040000E+00
+5.434000E-04,+2.000000E-04,-3.200000E-04,+2.040000E+00
+5.435000E-04,+2.000000E-04,-3.200000E-04,+2.000000E+00
+5.436000E-04,+0.000000E+00,-4.000000E-04,+2.040000E+00
+5.437000E-04,+0.000000E+00,-1.600000E-04,+2.040000E+00
+5.438000E-04,+0.000000E+00,-3.200000E-04,+2.040000E+00
+5.439000E-04,+2.000000E-04,-2.400000E-04,+2.040000E+00
+5.440000E-04,+0.000000E+00,-3.200000E-04,+2.040000E+00
+5.441000E-04,+0.000000E+00,-2.400000E-04,+2.000000E+00
+5.442000E-04,+2.000000E-04,-3.200000E-04,+2.040000E+00
+5.443000E-04,+2.000000E-04,-3.200000E-04,+2.000000E+00
+5.444000E-04,+2.000000E-04,-3.200000E-04,+2.040000E+00
+5.445000E-04,+2.000000E-04,-2.400000E-04,+2.000000E+00
+5.446000E-04,+2.000000E-04,-4.000000E-04,+2.040000E+00
+5.447000E-04,+2.000000E-04,-3.200000E-04,+2.040000E+00
+5.448000E-04,+2.000000E-04,-4.800000E-04,+2.000000E+00
+5.449000E-04,+0.000000E+00,-3.200000E-04,+2.000000E+00
+5.450000E-04,+0.000000E+00,-3.200000E-04,+2.040000E+00
+5.451000E-04,+0.000000E+00,-1.600000E-04,+2.040000E+00
+5.452000E-04,+0.000000E+00,-3.200000E-04,+2.040000E+00
+5.453000E-04,+0.000000E+00,-2.400000E-04,+2.040000E+00
+5.454000E-04,+0.000000E+00,-4.000000E-04,+2.040000E+00
+5.455000E-04,+0.000000E+00,-1.600000E-04,+2.040000E+00
+5.456000E-04,+2.000000E-04,-3.200000E-04,+2.040000E+00
+5.457000E-04,+0.000000E+00,-1.600000E-04,+2.040000E+00
+5.458000E-04,+0.000000E+00,-4.000000E-04,+2.040000E+00
+5.459000E-04,+2.000000E-04,-3.200000E-04,+2.000000E+00
+5.460000E-04,+2.000000E-04,-4.000000E-04,+2.000000E+00
+5.461000E-04,+0.000000E+00,-2.400000E-04,+2.040000E+00
+5.462000E-04,+2.000000E-04,-4.000000E-04,+2.000000E+00
+5.463000E-04,+0.000000E+00,-4.000000E-04,+2.040000E+00
+5.464000E-04,+2.000000E-04,-4.800000E-04,+2.040000E+00
+5.465000E-04,+0.000000E+00,-2.400000E-04,+2.040000E+00
+5.466000E-04,+0.000000E+00,-2.400000E-04,+2.000000E+00
+5.467000E-04,+0.000000E+00,-2.400000E-04,+2.000000E+00
+5.468000E-04,+0.000000E+00,-3.200000E-04,+2.040000E+00
+5.469000E-04,-2.000000E-04,-4.000000E-04,+2.040000E+00
+5.470000E-04,+0.000000E+00,-3.200000E-04,+2.040000E+00
+5.471000E-04,+0.000000E+00,-2.400000E-04,+2.000000E+00
+5.472000E-04,+0.000000E+00,-1.600000E-04,+2.040000E+00
+5.473000E-04,+0.000000E+00,-2.400000E-04,+2.040000E+00
+5.474000E-04,+0.000000E+00,-4.000000E-04,+2.040000E+00
+5.475000E-04,+0.000000E+00,-3.200000E-04,+2.040000E+00
+5.476000E-04,+0.000000E+00,-3.200000E-04,+2.040000E+00
+5.477000E-04,-2.000000E-04,-2.400000E-04,+2.040000E+00
+5.478000E-04,-2.000000E-04,-3.200000E-04,+2.040000E+00
+5.479000E-04,-2.000000E-04,-3.200000E-04,+2.040000E+00
+5.480000E-04,+0.000000E+00,-2.400000E-04,+2.000000E+00
+5.481000E-04,-2.000000E-04,-4.000000E-04,+2.000000E+00
+5.482000E-04,+0.000000E+00,-4.000000E-04,+2.000000E+00
+5.483000E-04,+0.000000E+00,-4.800000E-04,+2.040000E+00
+5.484000E-04,-2.000000E-04,-3.200000E-04,+2.040000E+00
+5.485000E-04,-2.000000E-04,-3.200000E-04,+2.000000E+00
+5.486000E-04,-2.000000E-04,-1.600000E-04,+2.040000E+00
+5.487000E-04,-2.000000E-04,-4.000000E-04,+2.040000E+00
+5.488000E-04,+0.000000E+00,-3.200000E-04,+2.000000E+00
+5.489000E-04,+0.000000E+00,-4.800000E-04,+2.040000E+00
+5.490000E-04,-2.000000E-04,-3.200000E-04,+2.000000E+00
+5.491000E-04,-2.000000E-04,-3.200000E-04,+2.000000E+00
+5.492000E-04,-2.000000E-04,-2.400000E-04,+2.040000E+00
+5.493000E-04,-2.000000E-04,-3.200000E-04,+2.040000E+00
+5.494000E-04,-2.000000E-04,-3.200000E-04,+2.040000E+00
+5.495000E-04,-2.000000E-04,-3.200000E-04,+2.040000E+00
+5.496000E-04,-2.000000E-04,-2.400000E-04,+2.040000E+00
+5.497000E-04,-2.000000E-04,-2.400000E-04,+2.000000E+00
+5.498000E-04,-2.000000E-04,-2.400000E-04,+2.000000E+00
+5.499000E-04,-2.000000E-04,-2.400000E-04,+2.000000E+00
+5.500000E-04,-2.000000E-04,-2.400000E-04,+2.040000E+00
+5.501000E-04,-2.000000E-04,-3.200000E-04,+2.000000E+00
+5.502000E-04,-2.000000E-04,-4.000000E-04,+2.040000E+00
+5.503000E-04,-2.000000E-04,-4.000000E-04,+2.040000E+00
+5.504000E-04,-2.000000E-04,-2.400000E-04,+2.040000E+00
+5.505000E-04,-2.000000E-04,-3.200000E-04,+2.040000E+00
+5.506000E-04,-2.000000E-04,-1.600000E-04,+2.000000E+00
+5.507000E-04,-4.000000E-04,-3.200000E-04,+2.000000E+00
+5.508000E-04,-4.000000E-04,-2.400000E-04,+2.000000E+00
+5.509000E-04,-2.000000E-04,-3.200000E-04,+2.040000E+00
+5.510000E-04,-2.000000E-04,-8.000000E-05,+2.040000E+00
+5.511000E-04,-2.000000E-04,-3.200000E-04,+2.040000E+00
+5.512000E-04,-2.000000E-04,-2.400000E-04,+2.040000E+00
+5.513000E-04,-2.000000E-04,-8.000000E-05,+2.000000E+00
+5.514000E-04,-4.000000E-04,+0.000000E+00,+2.040000E+00
+5.515000E-04,-2.000000E-04,-1.600000E-04,+2.040000E+00
+5.516000E-04,-2.000000E-04,-3.200000E-04,+2.040000E+00
+5.517000E-04,-2.000000E-04,-3.200000E-04,+2.040000E+00
+5.518000E-04,-4.000000E-04,-3.200000E-04,+2.040000E+00
+5.519000E-04,-4.000000E-04,-2.400000E-04,+2.000000E+00
+5.520000E-04,-4.000000E-04,-2.400000E-04,+2.040000E+00
+5.521000E-04,-2.000000E-04,-2.400000E-04,+2.000000E+00
+5.522000E-04,-4.000000E-04,-2.400000E-04,+2.040000E+00
+5.523000E-04,-4.000000E-04,-2.400000E-04,+2.040000E+00
+5.524000E-04,-4.000000E-04,-8.000000E-05,+2.000000E+00
+5.525000E-04,-4.000000E-04,-1.600000E-04,+2.040000E+00
+5.526000E-04,-4.000000E-04,-8.000000E-05,+2.040000E+00
+5.527000E-04,-2.000000E-04,-2.400000E-04,+2.000000E+00
+5.528000E-04,-2.000000E-04,-2.400000E-04,+2.040000E+00
+5.529000E-04,-2.000000E-04,-8.000000E-05,+2.040000E+00
+5.530000E-04,-2.000000E-04,+0.000000E+00,+2.040000E+00
+5.531000E-04,-2.000000E-04,-1.600000E-04,+2.040000E+00
+5.532000E-04,-2.000000E-04,-1.600000E-04,+2.040000E+00
+5.533000E-04,-2.000000E-04,-1.600000E-04,+2.040000E+00
+5.534000E-04,-4.000000E-04,-1.600000E-04,+2.040000E+00
+5.535000E-04,-2.000000E-04,+0.000000E+00,+2.040000E+00
+5.536000E-04,-2.000000E-04,-8.000000E-05,+2.000000E+00
+5.537000E-04,-2.000000E-04,-8.000000E-05,+2.040000E+00
+5.538000E-04,-2.000000E-04,-8.000000E-05,+2.040000E+00
+5.539000E-04,-2.000000E-04,+0.000000E+00,+2.040000E+00
+5.540000E-04,-4.000000E-04,+0.000000E+00,+2.040000E+00
+5.541000E-04,-2.000000E-04,+8.000000E-05,+2.040000E+00
+5.542000E-04,-2.000000E-04,-8.000000E-05,+2.000000E+00
+5.543000E-04,+0.000000E+00,-2.400000E-04,+2.040000E+00
+5.544000E-04,-2.000000E-04,-2.400000E-04,+2.000000E+00
+5.545000E-04,-2.000000E-04,-8.000000E-05,+2.040000E+00
+5.546000E-04,-2.000000E-04,+8.000000E-05,+2.000000E+00
+5.547000E-04,-2.000000E-04,-8.000000E-05,+2.000000E+00
+5.548000E-04,-2.000000E-04,-2.400000E-04,+2.000000E+00
+5.549000E-04,-2.000000E-04,-2.400000E-04,+2.000000E+00
+5.550000E-04,-2.000000E-04,-2.400000E-04,+2.040000E+00
+5.551000E-04,-2.000000E-04,-8.000000E-05,+2.040000E+00
+5.552000E-04,-2.000000E-04,+0.000000E+00,+2.040000E+00
+5.553000E-04,-2.000000E-04,-1.600000E-04,+2.040000E+00
+5.554000E-04,-2.000000E-04,-2.400000E-04,+2.040000E+00
+5.555000E-04,+0.000000E+00,-1.600000E-04,+2.000000E+00
+5.556000E-04,-2.000000E-04,-1.600000E-04,+2.040000E+00
+5.557000E-04,-2.000000E-04,+1.600000E-04,+2.040000E+00
+5.558000E-04,-2.000000E-04,-8.000000E-05,+2.000000E+00
+5.559000E-04,+0.000000E+00,-1.600000E-04,+2.040000E+00
+5.560000E-04,+0.000000E+00,-2.400000E-04,+2.040000E+00
+5.561000E-04,-2.000000E-04,-8.000000E-05,+2.040000E+00
+5.562000E-04,-2.000000E-04,-8.000000E-05,+2.040000E+00
+5.563000E-04,-2.000000E-04,+0.000000E+00,+2.040000E+00
+5.564000E-04,-2.000000E-04,-1.600000E-04,+2.040000E+00
+5.565000E-04,+0.000000E+00,-1.600000E-04,+2.000000E+00
+5.566000E-04,+0.000000E+00,-1.600000E-04,+2.000000E+00
+5.567000E-04,+0.000000E+00,-1.600000E-04,+2.000000E+00
+5.568000E-04,+0.000000E+00,-8.000000E-05,+2.040000E+00
+5.569000E-04,-2.000000E-04,-1.600000E-04,+2.000000E+00
+5.570000E-04,+0.000000E+00,-8.000000E-05,+2.040000E+00
+5.571000E-04,-2.000000E-04,+0.000000E+00,+2.040000E+00
+5.572000E-04,+0.000000E+00,-2.400000E-04,+2.040000E+00
+5.573000E-04,+0.000000E+00,-1.600000E-04,+2.040000E+00
+5.574000E-04,+0.000000E+00,-1.600000E-04,+2.000000E+00
+5.575000E-04,+0.000000E+00,+8.000000E-05,+2.040000E+00
+5.576000E-04,+0.000000E+00,-8.000000E-05,+2.040000E+00
+5.577000E-04,+0.000000E+00,-1.600000E-04,+2.040000E+00
+5.578000E-04,+2.000000E-04,-3.200000E-04,+2.040000E+00
+5.579000E-04,+0.000000E+00,-1.600000E-04,+2.040000E+00
+5.580000E-04,+0.000000E+00,-8.000000E-05,+2.040000E+00
+5.581000E-04,-2.000000E-04,+1.600000E-04,+2.000000E+00
+5.582000E-04,+0.000000E+00,+0.000000E+00,+2.040000E+00
+5.583000E-04,+0.000000E+00,-1.600000E-04,+2.040000E+00
+5.584000E-04,+2.000000E-04,-3.200000E-04,+2.000000E+00
+5.585000E-04,+0.000000E+00,-2.400000E-04,+2.040000E+00
+5.586000E-04,+0.000000E+00,-8.000000E-05,+2.040000E+00
+5.587000E-04,+0.000000E+00,-1.600000E-04,+2.040000E+00
+5.588000E-04,+0.000000E+00,-8.000000E-05,+2.000000E+00
+5.589000E-04,+0.000000E+00,-2.400000E-04,+2.000000E+00
+5.590000E-04,+0.000000E+00,-4.000000E-04,+2.000000E+00
+5.591000E-04,+0.000000E+00,-2.400000E-04,+2.040000E+00
+5.592000E-04,+0.000000E+00,-1.600000E-04,+2.040000E+00
+5.593000E-04,+0.000000E+00,-1.600000E-04,+2.040000E+00
+5.594000E-04,+0.000000E+00,-1.600000E-04,+2.040000E+00
+5.595000E-04,+0.000000E+00,-2.400000E-04,+2.040000E+00
+5.596000E-04,+2.000000E-04,-3.200000E-04,+2.040000E+00
+5.597000E-04,+0.000000E+00,-1.600000E-04,+2.040000E+00
+5.598000E-04,+0.000000E+00,-1.600000E-04,+2.040000E+00
+5.599000E-04,+0.000000E+00,-1.600000E-04,+2.040000E+00
+5.600000E-04,+2.000000E-04,-2.400000E-04,+2.040000E+00
+5.601000E-04,+2.000000E-04,-2.400000E-04,+2.040000E+00
+5.602000E-04,+2.000000E-04,-2.400000E-04,+2.040000E+00
+5.603000E-04,+0.000000E+00,-4.000000E-04,+2.000000E+00
+5.604000E-04,+2.000000E-04,-3.200000E-04,+2.040000E+00
+5.605000E-04,+2.000000E-04,-4.800000E-04,+2.040000E+00
+5.606000E-04,+0.000000E+00,-3.200000E-04,+2.040000E+00
+5.607000E-04,-2.000000E-04,-3.200000E-04,+2.040000E+00
+5.608000E-04,+0.000000E+00,-2.400000E-04,+2.000000E+00
+5.609000E-04,+0.000000E+00,-3.200000E-04,+2.000000E+00
+5.610000E-04,+0.000000E+00,-4.000000E-04,+2.000000E+00
+5.611000E-04,+0.000000E+00,-5.600000E-04,+2.040000E+00
+5.612000E-04,+0.000000E+00,-3.200000E-04,+2.040000E+00
+5.613000E-04,+0.000000E+00,-4.000000E-04,+2.040000E+00
+5.614000E-04,+0.000000E+00,-4.000000E-04,+2.040000E+00
+5.615000E-04,+0.000000E+00,-4.000000E-04,+2.040000E+00
+5.616000E-04,+0.000000E+00,-4.000000E-04,+2.040000E+00
+5.617000E-04,+0.000000E+00,-4.000000E-04,+2.040000E+00
+5.618000E-04,+0.000000E+00,-4.000000E-04,+2.000000E+00
+5.619000E-04,-2.000000E-04,-3.200000E-04,+2.040000E+00
+5.620000E-04,+0.000000E+00,-4.000000E-04,+2.040000E+00
+5.621000E-04,+0.000000E+00,-4.000000E-04,+2.040000E+00
+5.622000E-04,+0.000000E+00,-3.200000E-04,+2.040000E+00
+5.623000E-04,-2.000000E-04,-4.000000E-04,+2.040000E+00
+5.624000E-04,+0.000000E+00,-3.200000E-04,+2.000000E+00
+5.625000E-04,+0.000000E+00,-4.800000E-04,+2.000000E+00
+5.626000E-04,+0.000000E+00,-4.800000E-04,+2.000000E+00
+5.627000E-04,+0.000000E+00,-4.800000E-04,+2.040000E+00
+5.628000E-04,-2.000000E-04,-3.200000E-04,+2.040000E+00
+5.629000E-04,+0.000000E+00,-4.000000E-04,+2.040000E+00
+5.630000E-04,+0.000000E+00,-4.000000E-04,+2.040000E+00
+5.631000E-04,+2.000000E-04,-4.800000E-04,+2.000000E+00
+5.632000E-04,+0.000000E+00,-4.000000E-04,+2.000000E+00
+5.633000E-04,+2.000000E-04,-5.600000E-04,+2.000000E+00
+5.634000E-04,+0.000000E+00,-5.600000E-04,+2.040000E+00
+5.635000E-04,+0.000000E+00,-4.000000E-04,+2.040000E+00
+5.636000E-04,-2.000000E-04,-3.200000E-04,+2.040000E+00
+5.637000E-04,-2.000000E-04,-3.200000E-04,+2.000000E+00
+5.638000E-04,+0.000000E+00,-4.000000E-04,+2.000000E+00
+5.639000E-04,+0.000000E+00,-4.800000E-04,+2.040000E+00
+5.640000E-04,-2.000000E-04,-4.000000E-04,+2.000000E+00
+5.641000E-04,+0.000000E+00,-4.000000E-04,+2.040000E+00
+5.642000E-04,+0.000000E+00,-4.000000E-04,+2.040000E+00
+5.643000E-04,+0.000000E+00,-4.800000E-04,+2.040000E+00
+5.644000E-04,-2.000000E-04,-4.800000E-04,+2.000000E+00
+5.645000E-04,+0.000000E+00,-4.800000E-04,+2.040000E+00
+5.646000E-04,+0.000000E+00,-4.000000E-04,+2.040000E+00
+5.647000E-04,+0.000000E+00,-4.800000E-04,+2.040000E+00
+5.648000E-04,-2.000000E-04,-4.800000E-04,+2.040000E+00
+5.649000E-04,+0.000000E+00,-5.600000E-04,+2.000000E+00
+5.650000E-04,-2.000000E-04,-4.800000E-04,+2.040000E+00
+5.651000E-04,+0.000000E+00,-4.800000E-04,+2.040000E+00
+5.652000E-04,-2.000000E-04,-4.800000E-04,+2.040000E+00
+5.653000E-04,-2.000000E-04,-4.000000E-04,+2.040000E+00
+5.654000E-04,-2.000000E-04,-3.200000E-04,+2.040000E+00
+5.655000E-04,+0.000000E+00,-4.000000E-04,+2.040000E+00
+5.656000E-04,+0.000000E+00,-4.800000E-04,+2.000000E+00
+5.657000E-04,-2.000000E-04,-3.200000E-04,+2.040000E+00
+5.658000E-04,-2.000000E-04,-3.200000E-04,+2.040000E+00
+5.659000E-04,-2.000000E-04,-2.400000E-04,+2.000000E+00
+5.660000E-04,-2.000000E-04,-4.000000E-04,+2.040000E+00
+5.661000E-04,-2.000000E-04,-5.600000E-04,+2.040000E+00
+5.662000E-04,+0.000000E+00,-5.600000E-04,+2.040000E+00
+5.663000E-04,+0.000000E+00,-2.400000E-04,+2.000000E+00
+5.664000E-04,-2.000000E-04,-3.200000E-04,+2.040000E+00
+5.665000E-04,-4.000000E-04,-2.400000E-04,+2.000000E+00
+5.666000E-04,-2.000000E-04,-4.000000E-04,+2.040000E+00
+5.667000E-04,+0.000000E+00,-4.800000E-04,+2.040000E+00
+5.668000E-04,+0.000000E+00,-4.000000E-04,+2.040000E+00
+5.669000E-04,-4.000000E-04,-1.600000E-04,+2.040000E+00
+5.670000E-04,-4.000000E-04,-8.000000E-05,+2.040000E+00
+5.671000E-04,+0.000000E+00,-8.000000E-05,+2.040000E+00
+5.672000E-04,+0.000000E+00,-3.200000E-04,+2.040000E+00
+5.673000E-04,-2.000000E-04,-3.200000E-04,+2.000000E+00
+5.674000E-04,-2.000000E-04,-2.400000E-04,+2.000000E+00
+5.675000E-04,-2.000000E-04,-8.000000E-05,+2.040000E+00
+5.676000E-04,-2.000000E-04,-1.600000E-04,+2.040000E+00
+5.677000E-04,-2.000000E-04,-8.000000E-05,+2.040000E+00
+5.678000E-04,-2.000000E-04,-3.200000E-04,+2.040000E+00
+5.679000E-04,-2.000000E-04,-3.200000E-04,+2.000000E+00
+5.680000E-04,-2.000000E-04,-3.200000E-04,+2.040000E+00
+5.681000E-04,-4.000000E-04,-1.600000E-04,+2.000000E+00
+5.682000E-04,-4.000000E-04,-1.600000E-04,+2.040000E+00
+5.683000E-04,-4.000000E-04,-8.000000E-05,+2.040000E+00
+5.684000E-04,-2.000000E-04,-2.400000E-04,+2.040000E+00
+5.685000E-04,-2.000000E-04,-2.400000E-04,+2.040000E+00
+5.686000E-04,-2.000000E-04,-2.400000E-04,+2.000000E+00
+5.687000E-04,-2.000000E-04,-8.000000E-05,+2.040000E+00
+5.688000E-04,+0.000000E+00,-1.600000E-04,+2.000000E+00
+5.689000E-04,-2.000000E-04,-2.400000E-04,+2.040000E+00
+5.690000E-04,-2.000000E-04,-8.000000E-05,+2.000000E+00
+5.691000E-04,-2.000000E-04,+8.000000E-05,+2.040000E+00
+5.692000E-04,+0.000000E+00,-1.600000E-04,+2.040000E+00
+5.693000E-04,+0.000000E+00,-1.600000E-04,+2.000000E+00
+5.694000E-04,-2.000000E-04,-1.600000E-04,+2.000000E+00
+5.695000E-04,-4.000000E-04,+8.000000E-05,+2.000000E+00
+5.696000E-04,-2.000000E-04,-8.000000E-05,+2.040000E+00
+5.697000E-04,-2.000000E-04,+8.000000E-05,+2.040000E+00
+5.698000E-04,-2.000000E-04,-8.000000E-05,+2.040000E+00
+5.699000E-04,-2.000000E-04,-8.000000E-05,+2.040000E+00
+5.700000E-04,-2.000000E-04,-1.600000E-04,+2.000000E+00
+5.701000E-04,-2.000000E-04,-1.600000E-04,+2.040000E+00
+5.702000E-04,-2.000000E-04,-8.000000E-05,+2.000000E+00
+5.703000E-04,-2.000000E-04,-8.000000E-05,+2.040000E+00
+5.704000E-04,-2.000000E-04,-1.600000E-04,+2.040000E+00
+5.705000E-04,+0.000000E+00,-2.400000E-04,+2.040000E+00
+5.706000E-04,-2.000000E-04,-1.600000E-04,+2.000000E+00
+5.707000E-04,-4.000000E-04,-8.000000E-05,+2.040000E+00
+5.708000E-04,-2.000000E-04,-8.000000E-05,+2.040000E+00
+5.709000E-04,-2.000000E-04,-8.000000E-05,+2.000000E+00
+5.710000E-04,-2.000000E-04,-8.000000E-05,+2.040000E+00
+5.711000E-04,-2.000000E-04,+8.000000E-05,+2.040000E+00
+5.712000E-04,+0.000000E+00,-8.000000E-05,+2.040000E+00
+5.713000E-04,+0.000000E+00,-8.000000E-05,+2.040000E+00
+5.714000E-04,-2.000000E-04,+8.000000E-05,+2.000000E+00
+5.715000E-04,-2.000000E-04,+0.000000E+00,+2.040000E+00
+5.716000E-04,-2.000000E-04,+0.000000E+00,+2.000000E+00
+5.717000E-04,+0.000000E+00,-1.600000E-04,+2.000000E+00
+5.718000E-04,-2.000000E-04,-8.000000E-05,+2.040000E+00
+5.719000E-04,-4.000000E-04,+0.000000E+00,+2.000000E+00
+5.720000E-04,-2.000000E-04,+0.000000E+00,+2.040000E+00
+5.721000E-04,+0.000000E+00,-1.600000E-04,+2.000000E+00
+5.722000E-04,+0.000000E+00,-8.000000E-05,+2.040000E+00
+5.723000E-04,-2.000000E-04,-1.600000E-04,+2.000000E+00
+5.724000E-04,-2.000000E-04,+8.000000E-05,+2.000000E+00
+5.725000E-04,-2.000000E-04,-8.000000E-05,+2.040000E+00
+5.726000E-04,-2.000000E-04,+0.000000E+00,+2.040000E+00
+5.727000E-04,-2.000000E-04,-8.000000E-05,+2.040000E+00
+5.728000E-04,-2.000000E-04,+8.000000E-05,+2.040000E+00
+5.729000E-04,+0.000000E+00,-8.000000E-05,+2.040000E+00
+5.730000E-04,+0.000000E+00,+0.000000E+00,+2.040000E+00
+5.731000E-04,+0.000000E+00,+0.000000E+00,+2.040000E+00
+5.732000E-04,+0.000000E+00,-8.000000E-05,+2.040000E+00
+5.733000E-04,+0.000000E+00,+0.000000E+00,+2.040000E+00
+5.734000E-04,-2.000000E-04,+0.000000E+00,+2.040000E+00
+5.735000E-04,-2.000000E-04,+0.000000E+00,+2.040000E+00
+5.736000E-04,+0.000000E+00,-1.600000E-04,+2.040000E+00
+5.737000E-04,-2.000000E-04,-8.000000E-05,+2.040000E+00
+5.738000E-04,-2.000000E-04,+0.000000E+00,+2.040000E+00
+5.739000E-04,-2.000000E-04,+0.000000E+00,+2.040000E+00
+5.740000E-04,-2.000000E-04,-8.000000E-05,+2.040000E+00
+5.741000E-04,-2.000000E-04,-1.600000E-04,+2.040000E+00
+5.742000E-04,+0.000000E+00,-3.200000E-04,+2.000000E+00
+5.743000E-04,+0.000000E+00,-3.200000E-04,+2.040000E+00
+5.744000E-04,-2.000000E-04,-2.400000E-04,+2.000000E+00
+5.745000E-04,-2.000000E-04,-1.600000E-04,+2.040000E+00
+5.746000E-04,-2.000000E-04,+0.000000E+00,+2.000000E+00
+5.747000E-04,+0.000000E+00,-1.600000E-04,+2.040000E+00
+5.748000E-04,-2.000000E-04,-2.400000E-04,+2.000000E+00
+5.749000E-04,+0.000000E+00,-1.600000E-04,+2.040000E+00
+5.750000E-04,+0.000000E+00,-1.600000E-04,+2.040000E+00
+5.751000E-04,+0.000000E+00,-1.600000E-04,+2.040000E+00
+5.752000E-04,-2.000000E-04,-8.000000E-05,+2.040000E+00
+5.753000E-04,-2.000000E-04,+0.000000E+00,+2.040000E+00
+5.754000E-04,+0.000000E+00,-2.400000E-04,+2.040000E+00
+5.755000E-04,+0.000000E+00,-2.400000E-04,+2.000000E+00
+5.756000E-04,+0.000000E+00,-2.400000E-04,+2.040000E+00
+5.757000E-04,-2.000000E-04,-8.000000E-05,+2.040000E+00
+5.758000E-04,+0.000000E+00,-1.600000E-04,+2.040000E+00
+5.759000E-04,-2.000000E-04,-1.600000E-04,+2.040000E+00
+5.760000E-04,-2.000000E-04,-2.400000E-04,+2.000000E+00
+5.761000E-04,-2.000000E-04,-2.400000E-04,+2.040000E+00
+5.762000E-04,-2.000000E-04,-3.200000E-04,+2.040000E+00
+5.763000E-04,+0.000000E+00,-4.000000E-04,+2.000000E+00
+5.764000E-04,-2.000000E-04,-2.400000E-04,+2.000000E+00
+5.765000E-04,-2.000000E-04,-3.200000E-04,+2.000000E+00
+5.766000E-04,-2.000000E-04,-3.200000E-04,+2.040000E+00
+5.767000E-04,+0.000000E+00,-4.000000E-04,+2.040000E+00
+5.768000E-04,+0.000000E+00,-2.400000E-04,+2.040000E+00
+5.769000E-04,-2.000000E-04,-2.400000E-04,+2.040000E+00
+5.770000E-04,-2.000000E-04,-3.200000E-04,+2.040000E+00
+5.771000E-04,+0.000000E+00,-3.200000E-04,+2.040000E+00
+5.772000E-04,+0.000000E+00,-2.400000E-04,+2.000000E+00
+5.773000E-04,+0.000000E+00,-3.200000E-04,+2.000000E+00
+5.774000E-04,-2.000000E-04,-4.000000E-04,+2.040000E+00
+5.775000E-04,-2.000000E-04,-4.000000E-04,+2.040000E+00
+5.776000E-04,+0.000000E+00,-4.000000E-04,+2.040000E+00
+5.777000E-04,-2.000000E-04,-3.200000E-04,+2.000000E+00
+5.778000E-04,-2.000000E-04,-4.000000E-04,+2.000000E+00
+5.779000E-04,-2.000000E-04,-4.800000E-04,+2.040000E+00
+5.780000E-04,-2.000000E-04,-4.000000E-04,+2.040000E+00
+5.781000E-04,-2.000000E-04,-4.000000E-04,+2.040000E+00
+5.782000E-04,-2.000000E-04,-4.800000E-04,+2.000000E+00
+5.783000E-04,+0.000000E+00,-4.000000E-04,+2.040000E+00
+5.784000E-04,+0.000000E+00,-4.000000E-04,+2.040000E+00
+5.785000E-04,+0.000000E+00,-4.800000E-04,+2.040000E+00
+5.786000E-04,+0.000000E+00,-4.800000E-04,+2.040000E+00
+5.787000E-04,+2.000000E-04,-4.800000E-04,+2.040000E+00
+5.788000E-04,+0.000000E+00,-4.800000E-04,+2.040000E+00
+5.789000E-04,+0.000000E+00,-4.000000E-04,+2.040000E+00
+5.790000E-04,+0.000000E+00,-4.800000E-04,+2.040000E+00
+5.791000E-04,+0.000000E+00,-4.800000E-04,+2.040000E+00
+5.792000E-04,+0.000000E+00,-5.600000E-04,+2.040000E+00
+5.793000E-04,-2.000000E-04,-3.200000E-04,+2.000000E+00
+5.794000E-04,-4.000000E-04,-3.200000E-04,+2.040000E+00
+5.795000E-04,-2.000000E-04,-4.000000E-04,+2.040000E+00
+5.796000E-04,+0.000000E+00,-4.000000E-04,+2.000000E+00
+5.797000E-04,+0.000000E+00,-4.000000E-04,+2.000000E+00
+5.798000E-04,-2.000000E-04,-4.800000E-04,+2.040000E+00
+5.799000E-04,-2.000000E-04,-4.000000E-04,+2.040000E+00
+5.800000E-04,+0.000000E+00,-4.800000E-04,+2.040000E+00
+5.801000E-04,+0.000000E+00,-4.800000E-04,+2.000000E+00
+5.802000E-04,-2.000000E-04,-4.800000E-04,+2.040000E+00
+5.803000E-04,+0.000000E+00,-4.800000E-04,+2.040000E+00
+5.804000E-04,+0.000000E+00,-5.600000E-04,+2.040000E+00
+5.805000E-04,+0.000000E+00,-4.800000E-04,+2.000000E+00
+5.806000E-04,+0.000000E+00,-4.800000E-04,+2.000000E+00
+5.807000E-04,-2.000000E-04,-4.000000E-04,+2.000000E+00
+5.808000E-04,+0.000000E+00,-4.800000E-04,+2.040000E+00
+5.809000E-04,+0.000000E+00,-4.000000E-04,+2.000000E+00
+5.810000E-04,+0.000000E+00,-2.400000E-04,+2.040000E+00
+5.811000E-04,-2.000000E-04,-2.400000E-04,+2.040000E+00
+5.812000E-04,+0.000000E+00,-2.400000E-04,+2.040000E+00
+5.813000E-04,+0.000000E+00,-3.200000E-04,+2.040000E+00
+5.814000E-04,+0.000000E+00,-3.200000E-04,+2.040000E+00
+5.815000E-04,+0.000000E+00,-4.000000E-04,+2.040000E+00
+5.816000E-04,+0.000000E+00,-4.800000E-04,+2.000000E+00
+5.817000E-04,+0.000000E+00,-4.800000E-04,+2.040000E+00
+5.818000E-04,+0.000000E+00,-4.800000E-04,+2.040000E+00
+5.819000E-04,-2.000000E-04,-4.000000E-04,+2.040000E+00
+5.820000E-04,-2.000000E-04,-3.200000E-04,+2.040000E+00
+5.821000E-04,+0.000000E+00,-4.000000E-04,+2.040000E+00
+5.822000E-04,+0.000000E+00,-4.000000E-04,+2.000000E+00
+5.823000E-04,+0.000000E+00,-4.800000E-04,+2.040000E+00
+5.824000E-04,-2.000000E-04,-4.000000E-04,+2.040000E+00
+5.825000E-04,-2.000000E-04,-3.200000E-04,+2.040000E+00
+5.826000E-04,+0.000000E+00,-2.400000E-04,+2.040000E+00
+5.827000E-04,-2.000000E-04,-1.600000E-04,+2.040000E+00
+5.828000E-04,+0.000000E+00,-3.200000E-04,+2.000000E+00
+5.829000E-04,+2.000000E-04,-4.800000E-04,+2.000000E+00
+5.830000E-04,+2.000000E-04,-4.800000E-04,+2.040000E+00
+5.831000E-04,+0.000000E+00,-2.400000E-04,+2.000000E+00
+5.832000E-04,-2.000000E-04,-1.600000E-04,+2.000000E+00
+5.833000E-04,+0.000000E+00,-3.200000E-04,+2.040000E+00
+5.834000E-04,+0.000000E+00,-4.800000E-04,+2.040000E+00
+5.835000E-04,-2.000000E-04,-3.200000E-04,+2.040000E+00
+5.836000E-04,-2.000000E-04,-1.600000E-04,+2.040000E+00
+5.837000E-04,-2.000000E-04,-2.400000E-04,+2.040000E+00
+5.838000E-04,+0.000000E+00,-2.400000E-04,+2.040000E+00
+5.839000E-04,+0.000000E+00,-2.400000E-04,+2.040000E+00
+5.840000E-04,+0.000000E+00,-3.200000E-04,+2.040000E+00
+5.841000E-04,+0.000000E+00,-2.400000E-04,+2.040000E+00
+5.842000E-04,+2.000000E-04,-3.200000E-04,+2.040000E+00
+5.843000E-04,-2.000000E-04,-2.400000E-04,+2.000000E+00
+5.844000E-04,+0.000000E+00,-1.600000E-04,+2.000000E+00
+5.845000E-04,+0.000000E+00,-1.600000E-04,+2.040000E+00
+5.846000E-04,+2.000000E-04,-3.200000E-04,+2.040000E+00
+5.847000E-04,+0.000000E+00,-2.400000E-04,+2.040000E+00
+5.848000E-04,-2.000000E-04,-1.600000E-04,+2.040000E+00
+5.849000E-04,-2.000000E-04,-1.600000E-04,+2.040000E+00
+5.850000E-04,+0.000000E+00,-8.000000E-05,+2.040000E+00
+5.851000E-04,-2.000000E-04,-1.600000E-04,+2.040000E+00
+5.852000E-04,-2.000000E-04,-8.000000E-05,+2.040000E+00
+5.853000E-04,-2.000000E-04,-2.400000E-04,+2.040000E+00
+5.854000E-04,-2.000000E-04,-8.000000E-05,+2.000000E+00
+5.855000E-04,-2.000000E-04,+0.000000E+00,+2.000000E+00
+5.856000E-04,-2.000000E-04,-8.000000E-05,+2.040000E+00
+5.857000E-04,-2.000000E-04,-8.000000E-05,+2.040000E+00
+5.858000E-04,+0.000000E+00,-1.600000E-04,+2.000000E+00
+5.859000E-04,+0.000000E+00,-1.600000E-04,+2.040000E+00
+5.860000E-04,+0.000000E+00,-1.600000E-04,+2.040000E+00
+5.861000E-04,-2.000000E-04,-8.000000E-05,+2.040000E+00
+5.862000E-04,+0.000000E+00,-8.000000E-05,+2.000000E+00
+5.863000E-04,+0.000000E+00,-8.000000E-05,+2.040000E+00
+5.864000E-04,+0.000000E+00,-1.600000E-04,+2.040000E+00
+5.865000E-04,-2.000000E-04,-1.600000E-04,+2.040000E+00
+5.866000E-04,-2.000000E-04,-8.000000E-05,+2.040000E+00
+5.867000E-04,+0.000000E+00,-8.000000E-05,+2.040000E+00
+5.868000E-04,+0.000000E+00,+8.000000E-05,+2.040000E+00
+5.869000E-04,-2.000000E-04,-8.000000E-05,+2.040000E+00
+5.870000E-04,-2.000000E-04,+0.000000E+00,+2.040000E+00
+5.871000E-04,+0.000000E+00,-8.000000E-05,+2.040000E+00
+5.872000E-04,+0.000000E+00,+8.000000E-05,+2.040000E+00
+5.873000E-04,-2.000000E-04,-2.400000E-04,+2.000000E+00
+5.874000E-04,-2.000000E-04,-1.600000E-04,+2.040000E+00
+5.875000E-04,+0.000000E+00,-1.600000E-04,+2.040000E+00
+5.876000E-04,-2.000000E-04,-8.000000E-05,+2.040000E+00
+5.877000E-04,-4.000000E-04,+0.000000E+00,+2.040000E+00
+5.878000E-04,-4.000000E-04,+0.000000E+00,+2.040000E+00
+5.879000E-04,-2.000000E-04,-2.400000E-04,+2.000000E+00
+5.880000E-04,+0.000000E+00,+0.000000E+00,+2.040000E+00
+5.881000E-04,-2.000000E-04,-8.000000E-05,+2.040000E+00
+5.882000E-04,-2.000000E-04,-8.000000E-05,+2.040000E+00
+5.883000E-04,+0.000000E+00,-8.000000E-05,+2.040000E+00
+5.884000E-04,+0.000000E+00,+8.000000E-05,+2.000000E+00
+5.885000E-04,-2.000000E-04,+0.000000E+00,+2.040000E+00
+5.886000E-04,+0.000000E+00,+0.000000E+00,+2.040000E+00
+5.887000E-04,+2.000000E-04,-8.000000E-05,+2.040000E+00
+5.888000E-04,+2.000000E-04,+0.000000E+00,+2.040000E+00
+5.889000E-04,-2.000000E-04,-8.000000E-05,+2.000000E+00
+5.890000E-04,-2.000000E-04,-8.000000E-05,+2.040000E+00
+5.891000E-04,-2.000000E-04,+0.000000E+00,+2.040000E+00
+5.892000E-04,-2.000000E-04,-8.000000E-05,+2.040000E+00
+5.893000E-04,-4.000000E-04,+8.000000E-05,+2.040000E+00
+5.894000E-04,-4.000000E-04,+0.000000E+00,+2.040000E+00
+5.895000E-04,-2.000000E-04,-8.000000E-05,+2.040000E+00
+5.896000E-04,-2.000000E-04,-1.600000E-04,+2.000000E+00
+5.897000E-04,-2.000000E-04,-1.600000E-04,+2.000000E+00
+5.898000E-04,-4.000000E-04,-8.000000E-05,+2.040000E+00
+5.899000E-04,-2.000000E-04,+0.000000E+00,+2.040000E+00
+5.900000E-04,-2.000000E-04,-1.600000E-04,+2.040000E+00
+5.901000E-04,+0.000000E+00,-3.200000E-04,+2.000000E+00
+5.902000E-04,-2.000000E-04,-3.200000E-04,+2.040000E+00
+5.903000E-04,-2.000000E-04,-1.600000E-04,+2.040000E+00
+5.904000E-04,-2.000000E-04,-8.000000E-05,+2.040000E+00
+5.905000E-04,-2.000000E-04,-1.600000E-04,+2.040000E+00
+5.906000E-04,-2.000000E-04,-1.600000E-04,+2.000000E+00
+5.907000E-04,-2.000000E-04,-8.000000E-05,+2.040000E+00
+5.908000E-04,-2.000000E-04,-2.400000E-04,+2.040000E+00
+5.909000E-04,-2.000000E-04,-8.000000E-05,+2.040000E+00
+5.910000E-04,-2.000000E-04,-8.000000E-05,+2.040000E+00
+5.911000E-04,-2.000000E-04,-8.000000E-05,+2.000000E+00
+5.912000E-04,-2.000000E-04,-1.600000E-04,+2.000000E+00
+5.913000E-04,-2.000000E-04,-8.000000E-05,+2.040000E+00
+5.914000E-04,-4.000000E-04,-8.000000E-05,+2.000000E+00
+5.915000E-04,-2.000000E-04,-1.600000E-04,+2.040000E+00
+5.916000E-04,-2.000000E-04,-3.200000E-04,+2.000000E+00
+5.917000E-04,+0.000000E+00,-4.000000E-04,+2.040000E+00
+5.918000E-04,-2.000000E-04,-3.200000E-04,+2.040000E+00
+5.919000E-04,-4.000000E-04,-1.600000E-04,+2.000000E+00
+5.920000E-04,-4.000000E-04,-2.400000E-04,+2.040000E+00
+5.921000E-04,+0.000000E+00,-4.000000E-04,+2.000000E+00
+5.922000E-04,-2.000000E-04,-4.000000E-04,+2.040000E+00
+5.923000E-04,-4.000000E-04,-3.200000E-04,+2.040000E+00
+5.924000E-04,-4.000000E-04,-1.600000E-04,+2.040000E+00
+5.925000E-04,-2.000000E-04,-1.600000E-04,+2.040000E+00
+5.926000E-04,+0.000000E+00,-3.200000E-04,+2.040000E+00
+5.927000E-04,-2.000000E-04,-3.200000E-04,+2.040000E+00
+5.928000E-04,-2.000000E-04,-2.400000E-04,+2.040000E+00
+5.929000E-04,+0.000000E+00,-3.200000E-04,+2.040000E+00
+5.930000E-04,-2.000000E-04,-2.400000E-04,+2.040000E+00
+5.931000E-04,-2.000000E-04,-2.400000E-04,+2.040000E+00
+5.932000E-04,-2.000000E-04,-3.200000E-04,+2.040000E+00
+5.933000E-04,-2.000000E-04,-3.200000E-04,+2.040000E+00
+5.934000E-04,-2.000000E-04,-1.600000E-04,+2.040000E+00
+5.935000E-04,-4.000000E-04,-2.400000E-04,+2.040000E+00
+5.936000E-04,-4.000000E-04,-3.200000E-04,+2.000000E+00
+5.937000E-04,-2.000000E-04,-3.200000E-04,+2.040000E+00
+5.938000E-04,+0.000000E+00,-4.000000E-04,+2.000000E+00
+5.939000E-04,-2.000000E-04,-3.200000E-04,+2.040000E+00
+5.940000E-04,-4.000000E-04,-3.200000E-04,+2.040000E+00
+5.941000E-04,-2.000000E-04,-3.200000E-04,+2.040000E+00
+5.942000E-04,+0.000000E+00,-4.000000E-04,+2.000000E+00
+5.943000E-04,+0.000000E+00,-4.000000E-04,+2.040000E+00
+5.944000E-04,+0.000000E+00,-4.800000E-04,+2.040000E+00
+5.945000E-04,-2.000000E-04,-4.800000E-04,+2.000000E+00
+5.946000E-04,+0.000000E+00,-3.200000E-04,+2.040000E+00
+5.947000E-04,-2.000000E-04,-2.400000E-04,+2.040000E+00
+5.948000E-04,-2.000000E-04,-3.200000E-04,+2.040000E+00
+5.949000E-04,-2.000000E-04,-2.400000E-04,+2.040000E+00
+5.950000E-04,+0.000000E+00,-3.200000E-04,+2.040000E+00
+5.951000E-04,+0.000000E+00,-3.200000E-04,+2.040000E+00
+5.952000E-04,-2.000000E-04,-3.200000E-04,+2.040000E+00
+5.953000E-04,-2.000000E-04,-2.400000E-04,+2.000000E+00
+5.954000E-04,+0.000000E+00,-3.200000E-04,+2.000000E+00
+5.955000E-04,-2.000000E-04,-2.400000E-04,+2.000000E+00
+5.956000E-04,+0.000000E+00,-3.200000E-04,+2.040000E+00
+5.957000E-04,+0.000000E+00,-4.800000E-04,+2.040000E+00
+5.958000E-04,+0.000000E+00,-4.800000E-04,+2.040000E+00
+5.959000E-04,+0.000000E+00,-4.000000E-04,+2.040000E+00
+5.960000E-04,-2.000000E-04,-4.000000E-04,+2.000000E+00
+5.961000E-04,-2.000000E-04,-4.000000E-04,+2.040000E+00
+5.962000E-04,+0.000000E+00,-4.000000E-04,+2.040000E+00
+5.963000E-04,+0.000000E+00,-3.200000E-04,+2.040000E+00
+5.964000E-04,-2.000000E-04,-4.000000E-04,+2.000000E+00
+5.965000E-04,+0.000000E+00,-4.000000E-04,+2.000000E+00
+5.966000E-04,+0.000000E+00,-3.200000E-04,+2.040000E+00
+5.967000E-04,+0.000000E+00,-2.400000E-04,+2.040000E+00
+5.968000E-04,+0.000000E+00,-2.400000E-04,+2.040000E+00
+5.969000E-04,-2.000000E-04,-1.600000E-04,+2.000000E+00
+5.970000E-04,+0.000000E+00,-3.200000E-04,+2.040000E+00
+5.971000E-04,+2.000000E-04,-4.000000E-04,+2.000000E+00
+5.972000E-04,+2.000000E-04,-4.800000E-04,+2.040000E+00
+5.973000E-04,+0.000000E+00,-3.200000E-04,+2.000000E+00
+5.974000E-04,+0.000000E+00,-2.400000E-04,+2.000000E+00
+5.975000E-04,+0.000000E+00,-3.200000E-04,+2.040000E+00
+5.976000E-04,+2.000000E-04,-4.800000E-04,+2.040000E+00
+5.977000E-04,-2.000000E-04,-4.800000E-04,+2.040000E+00
+5.978000E-04,-2.000000E-04,-3.200000E-04,+2.000000E+00
+5.979000E-04,+0.000000E+00,-2.400000E-04,+2.040000E+00
+5.980000E-04,+0.000000E+00,-2.400000E-04,+2.040000E+00
+5.981000E-04,+0.000000E+00,-4.000000E-04,+2.040000E+00
+5.982000E-04,+0.000000E+00,-4.800000E-04,+2.040000E+00
+5.983000E-04,+0.000000E+00,-4.000000E-04,+2.040000E+00
+5.984000E-04,+0.000000E+00,-2.400000E-04,+2.040000E+00
+5.985000E-04,+0.000000E+00,-2.400000E-04,+2.040000E+00
+5.986000E-04,+0.000000E+00,-2.400000E-04,+2.040000E+00
+5.987000E-04,+2.000000E-04,-4.000000E-04,+2.000000E+00
+5.988000E-04,+2.000000E-04,-3.200000E-04,+2.000000E+00
+5.989000E-04,+0.000000E+00,-3.200000E-04,+2.040000E+00
+5.990000E-04,+0.000000E+00,-3.200000E-04,+2.040000E+00
+5.991000E-04,+2.000000E-04,-3.200000E-04,+2.040000E+00
+5.992000E-04,+2.000000E-04,-3.200000E-04,+2.000000E+00
+5.993000E-04,+0.000000E+00,-4.000000E-04,+2.000000E+00
+5.994000E-04,+0.000000E+00,-3.200000E-04,+2.040000E+00
+5.995000E-04,+0.000000E+00,-3.200000E-04,+2.040000E+00
+5.996000E-04,+0.000000E+00,-1.600000E-04,+2.040000E+00
+5.997000E-04,+0.000000E+00,-1.600000E-04,+2.000000E+00
+5.998000E-04,-2.000000E-04,-2.400000E-04,+2.040000E+00
+5.999000E-04,+0.000000E+00,-3.200000E-04,+2.040000E+00
+6.000000E-04,+2.000000E-04,-4.000000E-04,+2.040000E+00
+6.001000E-04,+2.000000E-04,-2.400000E-04,+2.040000E+00
+6.002000E-04,-2.000000E-04,+0.000000E+00,+2.040000E+00
+6.003000E-04,+0.000000E+00,-3.200000E-04,+2.000000E+00
+6.004000E-04,+2.000000E-04,-4.800000E-04,+2.040000E+00
+6.005000E-04,+2.000000E-04,-4.000000E-04,+2.040000E+00
+6.006000E-04,-2.000000E-04,-1.600000E-04,+2.040000E+00
+6.007000E-04,-2.000000E-04,+0.000000E+00,+2.040000E+00
+6.008000E-04,+0.000000E+00,-8.000000E-05,+2.040000E+00
+6.009000E-04,+0.000000E+00,-2.400000E-04,+2.040000E+00
+6.010000E-04,+0.000000E+00,-2.400000E-04,+2.040000E+00
+6.011000E-04,+0.000000E+00,-3.200000E-04,+2.000000E+00
+6.012000E-04,+0.000000E+00,-1.600000E-04,+2.040000E+00
+6.013000E-04,+0.000000E+00,-8.000000E-05,+2.000000E+00
+6.014000E-04,+0.000000E+00,+0.000000E+00,+2.040000E+00
+6.015000E-04,+0.000000E+00,+0.000000E+00,+2.040000E+00
+6.016000E-04,+2.000000E-04,-3.200000E-04,+2.040000E+00
+6.017000E-04,+2.000000E-04,-3.200000E-04,+2.040000E+00
+6.018000E-04,+0.000000E+00,-1.600000E-04,+2.040000E+00
+6.019000E-04,-2.000000E-04,+0.000000E+00,+2.000000E+00
+6.020000E-04,+0.000000E+00,-8.000000E-05,+2.000000E+00
+6.021000E-04,+0.000000E+00,-1.600000E-04,+2.000000E+00
+6.022000E-04,+0.000000E+00,-3.200000E-04,+2.040000E+00
+6.023000E-04,+0.000000E+00,-2.400000E-04,+2.040000E+00
+6.024000E-04,-2.000000E-04,+0.000000E+00,+2.040000E+00
+6.025000E-04,+0.000000E+00,-8.000000E-05,+2.040000E+00
+6.026000E-04,+0.000000E+00,-8.000000E-05,+2.040000E+00
+6.027000E-04,+0.000000E+00,-2.400000E-04,+2.040000E+00
+6.028000E-04,+0.000000E+00,-2.400000E-04,+2.040000E+00
+6.029000E-04,+2.000000E-04,-3.200000E-04,+2.040000E+00
+6.030000E-04,+0.000000E+00,-3.200000E-04,+2.040000E+00
+6.031000E-04,+0.000000E+00,-1.600000E-04,+2.000000E+00
+6.032000E-04,-2.000000E-04,-8.000000E-05,+2.000000E+00
+6.033000E-04,-2.000000E-04,-1.600000E-04,+2.040000E+00
+6.034000E-04,+0.000000E+00,-1.600000E-04,+2.040000E+00
+6.035000E-04,-2.000000E-04,-2.400000E-04,+2.040000E+00
+6.036000E-04,-2.000000E-04,+0.000000E+00,+2.000000E+00
+6.037000E-04,-2.000000E-04,+0.000000E+00,+2.040000E+00
+6.038000E-04,+0.000000E+00,+0.000000E+00,+2.000000E+00
+6.039000E-04,+0.000000E+00,-1.600000E-04,+2.040000E+00
+6.040000E-04,-2.000000E-04,-1.600000E-04,+2.040000E+00
+6.041000E-04,+0.000000E+00,-1.600000E-04,+2.040000E+00
+6.042000E-04,+0.000000E+00,-8.000000E-05,+2.000000E+00
+6.043000E-04,+0.000000E+00,-2.400000E-04,+2.040000E+00
+6.044000E-04,-2.000000E-04,-8.000000E-05,+2.040000E+00
+6.045000E-04,-2.000000E-04,-2.400000E-04,+2.040000E+00
+6.046000E-04,+0.000000E+00,-8.000000E-05,+2.040000E+00
+6.047000E-04,-2.000000E-04,-1.600000E-04,+2.040000E+00
+6.048000E-04,-4.000000E-04,-8.000000E-05,+2.040000E+00
+6.049000E-04,-2.000000E-04,-2.400000E-04,+2.040000E+00
+6.050000E-04,-2.000000E-04,-2.400000E-04,+2.040000E+00
+6.051000E-04,+0.000000E+00,-8.000000E-05,+2.040000E+00
+6.052000E-04,-4.000000E-04,+8.000000E-05,+2.040000E+00
+6.053000E-04,-2.000000E-04,-8.000000E-05,+2.040000E+00
+6.054000E-04,-2.000000E-04,-2.400000E-04,+2.000000E+00
+6.055000E-04,+0.000000E+00,-1.600000E-04,+2.040000E+00
+6.056000E-04,-2.000000E-04,-1.600000E-04,+2.000000E+00
+6.057000E-04,-2.000000E-04,-8.000000E-05,+2.040000E+00
+6.058000E-04,-2.000000E-04,-1.600000E-04,+2.040000E+00
+6.059000E-04,-2.000000E-04,-1.600000E-04,+2.040000E+00
+6.060000E-04,-2.000000E-04,-1.600000E-04,+2.040000E+00
+6.061000E-04,-2.000000E-04,-3.200000E-04,+2.040000E+00
+6.062000E-04,-2.000000E-04,-2.400000E-04,+2.000000E+00
+6.063000E-04,-4.000000E-04,-8.000000E-05,+2.040000E+00
+6.064000E-04,-4.000000E-04,-8.000000E-05,+2.040000E+00
+6.065000E-04,-4.000000E-04,-1.600000E-04,+2.040000E+00
+6.066000E-04,-4.000000E-04,-1.600000E-04,+2.040000E+00
+6.067000E-04,-2.000000E-04,-2.400000E-04,+2.040000E+00
+6.068000E-04,-2.000000E-04,-8.000000E-05,+2.040000E+00
+6.069000E-04,-4.000000E-04,+0.000000E+00,+2.000000E+00
+6.070000E-04,-4.000000E-04,-2.400000E-04,+2.040000E+00
+6.071000E-04,-2.000000E-04,-1.600000E-04,+2.000000E+00
+6.072000E-04,-2.000000E-04,-3.200000E-04,+2.040000E+00
+6.073000E-04,-2.000000E-04,-1.600000E-04,+2.040000E+00
+6.074000E-04,+0.000000E+00,-4.800000E-04,+2.040000E+00
+6.075000E-04,-2.000000E-04,-2.400000E-04,+2.040000E+00
+6.076000E-04,-4.000000E-04,-1.600000E-04,+2.000000E+00
+6.077000E-04,-4.000000E-04,+0.000000E+00,+2.000000E+00
+6.078000E-04,-2.000000E-04,-3.200000E-04,+2.040000E+00
+6.079000E-04,-2.000000E-04,-1.600000E-04,+2.040000E+00
+6.080000E-04,-2.000000E-04,-2.400000E-04,+2.000000E+00
+6.081000E-04,-4.000000E-04,-1.600000E-04,+2.040000E+00
+6.082000E-04,-4.000000E-04,-1.600000E-04,+2.040000E+00
+6.083000E-04,-4.000000E-04,-1.600000E-04,+2.040000E+00
+6.084000E-04,-2.000000E-04,-1.600000E-04,+2.000000E+00
+6.085000E-04,-2.000000E-04,-2.400000E-04,+2.000000E+00
+6.086000E-04,-2.000000E-04,-3.200000E-04,+2.000000E+00
+6.087000E-04,-4.000000E-04,-3.200000E-04,+2.040000E+00
+6.088000E-04,-2.000000E-04,-3.200000E-04,+2.040000E+00
+6.089000E-04,-4.000000E-04,-2.400000E-04,+2.040000E+00
+6.090000E-04,-4.000000E-04,-3.200000E-04,+2.000000E+00
+6.091000E-04,-2.000000E-04,-3.200000E-04,+2.040000E+00
+6.092000E-04,-2.000000E-04,-4.000000E-04,+2.040000E+00
+6.093000E-04,-2.000000E-04,-4.000000E-04,+2.040000E+00
+6.094000E-04,-4.000000E-04,-2.400000E-04,+2.040000E+00
+6.095000E-04,-4.000000E-04,-8.000000E-05,+2.040000E+00
+6.096000E-04,-2.000000E-04,-1.600000E-04,+2.000000E+00
+6.097000E-04,+0.000000E+00,-3.200000E-04,+2.000000E+00
+6.098000E-04,+0.000000E+00,-5.600000E-04,+2.040000E+00
+6.099000E-04,-2.000000E-04,-3.200000E-04,+2.000000E+00
+6.100000E-04,-2.000000E-04,-8.000000E-05,+2.040000E+00
+6.101000E-04,-2.000000E-04,+0.000000E+00,+2.040000E+00
+6.102000E-04,-2.000000E-04,-8.000000E-05,+2.000000E+00
+6.103000E-04,-2.000000E-04,-3.200000E-04,+2.000000E+00
+6.104000E-04,-2.000000E-04,-3.200000E-04,+2.040000E+00
+6.105000E-04,-2.000000E-04,-2.400000E-04,+2.040000E+00
+6.106000E-04,-2.000000E-04,-2.400000E-04,+2.040000E+00
+6.107000E-04,-2.000000E-04,-4.800000E-04,+2.040000E+00
+6.108000E-04,+0.000000E+00,-3.200000E-04,+2.040000E+00
+6.109000E-04,-2.000000E-04,-2.400000E-04,+2.040000E+00
+6.110000E-04,-4.000000E-04,-1.600000E-04,+2.040000E+00
+6.111000E-04,-2.000000E-04,-2.400000E-04,+2.000000E+00
+6.112000E-04,+0.000000E+00,-3.200000E-04,+2.000000E+00
+6.113000E-04,+0.000000E+00,-3.200000E-04,+2.040000E+00
+6.114000E-04,+0.000000E+00,-3.200000E-04,+2.000000E+00
+6.115000E-04,+0.000000E+00,-3.200000E-04,+2.040000E+00
+6.116000E-04,+0.000000E+00,-4.000000E-04,+2.000000E+00
+6.117000E-04,+0.000000E+00,-3.200000E-04,+2.000000E+00
+6.118000E-04,+0.000000E+00,-2.400000E-04,+2.040000E+00
+6.119000E-04,-2.000000E-04,-2.400000E-04,+2.040000E+00
+6.120000E-04,+0.000000E+00,-2.400000E-04,+2.040000E+00
+6.121000E-04,-2.000000E-04,-2.400000E-04,+2.040000E+00
+6.122000E-04,-2.000000E-04,-8.000000E-05,+2.040000E+00
+6.123000E-04,-2.000000E-04,-8.000000E-05,+2.000000E+00
+6.124000E-04,+0.000000E+00,-1.600000E-04,+2.040000E+00
+6.125000E-04,+0.000000E+00,-4.800000E-04,+2.040000E+00
+6.126000E-04,+0.000000E+00,-3.200000E-04,+2.040000E+00
+6.127000E-04,+0.000000E+00,-3.200000E-04,+2.040000E+00
+6.128000E-04,+0.000000E+00,-3.200000E-04,+2.040000E+00
+6.129000E-04,+0.000000E+00,-4.000000E-04,+2.040000E+00
+6.130000E-04,+0.000000E+00,-3.200000E-04,+2.000000E+00
+6.131000E-04,+0.000000E+00,-3.200000E-04,+2.040000E+00
+6.132000E-04,-2.000000E-04,-3.200000E-04,+2.000000E+00
+6.133000E-04,+0.000000E+00,-4.000000E-04,+2.040000E+00
+6.134000E-04,+0.000000E+00,-3.200000E-04,+2.040000E+00
+6.135000E-04,+0.000000E+00,-2.400000E-04,+2.000000E+00
+6.136000E-04,-2.000000E-04,-2.400000E-04,+2.040000E+00
+6.137000E-04,-2.000000E-04,-1.600000E-04,+2.040000E+00
+6.138000E-04,-2.000000E-04,-1.600000E-04,+2.000000E+00
+6.139000E-04,+2.000000E-04,-3.200000E-04,+2.040000E+00
+6.140000E-04,+0.000000E+00,-3.200000E-04,+2.040000E+00
+6.141000E-04,-2.000000E-04,-3.200000E-04,+2.040000E+00
+6.142000E-04,+0.000000E+00,-1.600000E-04,+2.000000E+00
+6.143000E-04,+0.000000E+00,-2.400000E-04,+2.040000E+00
+6.144000E-04,+0.000000E+00,-2.400000E-04,+2.040000E+00
+6.145000E-04,+0.000000E+00,-3.200000E-04,+2.040000E+00
+6.146000E-04,+2.000000E-04,-2.400000E-04,+2.040000E+00
+6.147000E-04,+2.000000E-04,-3.200000E-04,+2.040000E+00
+6.148000E-04,-2.000000E-04,-2.400000E-04,+2.040000E+00
+6.149000E-04,-2.000000E-04,-2.400000E-04,+2.040000E+00
+6.150000E-04,+0.000000E+00,-2.400000E-04,+2.040000E+00
+6.151000E-04,+2.000000E-04,-2.400000E-04,+2.040000E+00
+6.152000E-04,+0.000000E+00,-2.400000E-04,+2.000000E+00
+6.153000E-04,+0.000000E+00,-1.600000E-04,+2.040000E+00
+6.154000E-04,+2.000000E-04,-1.600000E-04,+2.040000E+00
+6.155000E-04,+2.000000E-04,-4.000000E-04,+2.040000E+00
+6.156000E-04,+2.000000E-04,-3.200000E-04,+2.040000E+00
+6.157000E-04,+0.000000E+00,-1.600000E-04,+2.040000E+00
+6.158000E-04,+2.000000E-04,-1.600000E-04,+2.040000E+00
+6.159000E-04,+2.000000E-04,-2.400000E-04,+2.040000E+00
+6.160000E-04,+0.000000E+00,-4.000000E-04,+2.040000E+00
+6.161000E-04,+2.000000E-04,-2.400000E-04,+2.040000E+00
+6.162000E-04,+0.000000E+00,-1.600000E-04,+2.000000E+00
+6.163000E-04,+0.000000E+00,-8.000000E-05,+2.040000E+00
+6.164000E-04,+0.000000E+00,-2.400000E-04,+2.040000E+00
+6.165000E-04,+0.000000E+00,-4.000000E-04,+2.040000E+00
+6.166000E-04,+2.000000E-04,-3.200000E-04,+2.040000E+00
+6.167000E-04,+0.000000E+00,-2.400000E-04,+2.000000E+00
+6.168000E-04,+0.000000E+00,-8.000000E-05,+2.000000E+00
+6.169000E-04,+0.000000E+00,-8.000000E-05,+2.000000E+00
+6.170000E-04,+0.000000E+00,-2.400000E-04,+2.040000E+00
+6.171000E-04,+0.000000E+00,-2.400000E-04,+2.040000E+00
+6.172000E-04,+0.000000E+00,-3.200000E-04,+2.040000E+00
+6.173000E-04,+2.000000E-04,-1.600000E-04,+2.040000E+00
+6.174000E-04,+2.000000E-04,-3.200000E-04,+2.040000E+00
+6.175000E-04,+0.000000E+00,-3.200000E-04,+2.000000E+00
+6.176000E-04,+2.000000E-04,-4.000000E-04,+2.040000E+00
+6.177000E-04,+0.000000E+00,-8.000000E-05,+2.040000E+00
+6.178000E-04,+0.000000E+00,-1.600000E-04,+2.040000E+00
+6.179000E-04,+0.000000E+00,-1.600000E-04,+2.040000E+00
+6.180000E-04,+0.000000E+00,-2.400000E-04,+2.040000E+00
+6.181000E-04,+2.000000E-04,-1.600000E-04,+2.040000E+00
+6.182000E-04,+0.000000E+00,-2.400000E-04,+2.040000E+00
+6.183000E-04,-2.000000E-04,-2.400000E-04,+2.040000E+00
+6.184000E-04,+0.000000E+00,-8.000000E-05,+2.040000E+00
+6.185000E-04,+0.000000E+00,-1.600000E-04,+2.040000E+00
+6.186000E-04,+0.000000E+00,-3.200000E-04,+2.040000E+00
+6.187000E-04,-2.000000E-04,-3.200000E-04,+2.040000E+00
+6.188000E-04,+0.000000E+00,-3.200000E-04,+2.040000E+00
+6.189000E-04,+0.000000E+00,-3.200000E-04,+2.040000E+00
+6.190000E-04,+0.000000E+00,-4.000000E-04,+2.040000E+00
+6.191000E-04,-2.000000E-04,-2.400000E-04,+2.000000E+00
+6.192000E-04,+0.000000E+00,-3.200000E-04,+2.040000E+00
+6.193000E-04,-2.000000E-04,-2.400000E-04,+2.000000E+00
+6.194000E-04,-2.000000E-04,-2.400000E-04,+2.000000E+00
+6.195000E-04,-2.000000E-04,-1.600000E-04,+2.000000E+00
+6.196000E-04,+0.000000E+00,-1.600000E-04,+2.040000E+00
+6.197000E-04,+0.000000E+00,-1.600000E-04,+2.040000E+00
+6.198000E-04,+0.000000E+00,-1.600000E-04,+2.040000E+00
+6.199000E-04,-2.000000E-04,-3.200000E-04,+2.040000E+00
+6.200000E-04,+2.000000E-04,-2.400000E-04,+2.040000E+00
+6.201000E-04,+0.000000E+00,-3.200000E-04,+2.040000E+00
+6.202000E-04,+0.000000E+00,-2.400000E-04,+2.000000E+00
+6.203000E-04,-2.000000E-04,-3.200000E-04,+2.000000E+00
+6.204000E-04,-2.000000E-04,-3.200000E-04,+2.000000E+00
+6.205000E-04,-2.000000E-04,-4.800000E-04,+2.040000E+00
+6.206000E-04,-2.000000E-04,-1.600000E-04,+2.040000E+00
+6.207000E-04,-4.000000E-04,-2.400000E-04,+2.040000E+00
+6.208000E-04,-2.000000E-04,-1.600000E-04,+2.040000E+00
+6.209000E-04,-2.000000E-04,-4.000000E-04,+2.000000E+00
+6.210000E-04,+0.000000E+00,-3.200000E-04,+2.040000E+00
+6.211000E-04,-2.000000E-04,-3.200000E-04,+2.040000E+00
+6.212000E-04,-2.000000E-04,-1.600000E-04,+2.040000E+00
+6.213000E-04,+0.000000E+00,-3.200000E-04,+2.040000E+00
+6.214000E-04,-2.000000E-04,-2.400000E-04,+2.000000E+00
+6.215000E-04,-2.000000E-04,-2.400000E-04,+2.000000E+00
+6.216000E-04,+0.000000E+00,-2.400000E-04,+2.040000E+00
+6.217000E-04,+0.000000E+00,-3.200000E-04,+2.000000E+00
+6.218000E-04,-2.000000E-04,-3.200000E-04,+2.040000E+00
+6.219000E-04,-2.000000E-04,-2.400000E-04,+2.040000E+00
+6.220000E-04,-2.000000E-04,-2.400000E-04,+2.000000E+00
+6.221000E-04,-2.000000E-04,-4.000000E-04,+2.000000E+00
+6.222000E-04,-4.000000E-04,-8.000000E-05,+2.040000E+00
+6.223000E-04,-2.000000E-04,-1.600000E-04,+2.040000E+00
+6.224000E-04,-2.000000E-04,-1.600000E-04,+2.040000E+00
+6.225000E-04,-2.000000E-04,-4.800000E-04,+2.040000E+00
+6.226000E-04,-2.000000E-04,-3.200000E-04,+2.040000E+00
+6.227000E-04,-2.000000E-04,-3.200000E-04,+2.000000E+00
+6.228000E-04,-2.000000E-04,-1.600000E-04,+2.040000E+00
+6.229000E-04,-4.000000E-04,-1.600000E-04,+2.000000E+00
+6.230000E-04,-2.000000E-04,-3.200000E-04,+2.040000E+00
+6.231000E-04,+0.000000E+00,-4.800000E-04,+2.040000E+00
+6.232000E-04,-2.000000E-04,-3.200000E-04,+2.000000E+00
+6.233000E-04,-4.000000E-04,-2.400000E-04,+2.000000E+00
+6.234000E-04,-4.000000E-04,-2.400000E-04,+2.000000E+00
+6.235000E-04,-2.000000E-04,-2.400000E-04,+2.000000E+00
+6.236000E-04,-2.000000E-04,-4.000000E-04,+2.040000E+00
+6.237000E-04,-4.000000E-04,-2.400000E-04,+2.040000E+00
+6.238000E-04,-4.000000E-04,-8.000000E-05,+2.000000E+00
+6.239000E-04,-2.000000E-04,-2.400000E-04,+2.000000E+00
+6.240000E-04,-2.000000E-04,-2.400000E-04,+2.040000E+00
+6.241000E-04,-2.000000E-04,-2.400000E-04,+2.040000E+00
+6.242000E-04,-2.000000E-04,-2.400000E-04,+2.040000E+00
+6.243000E-04,-2.000000E-04,-2.400000E-04,+2.000000E+00
+6.244000E-04,-2.000000E-04,-3.200000E-04,+2.000000E+00
+6.245000E-04,-2.000000E-04,-2.400000E-04,+2.040000E+00
+6.246000E-04,-2.000000E-04,-2.400000E-04,+2.040000E+00
+6.247000E-04,-2.000000E-04,-2.400000E-04,+2.040000E+00
+6.248000E-04,-4.000000E-04,-3.200000E-04,+2.040000E+00
+6.249000E-04,-4.000000E-04,-1.600000E-04,+2.000000E+00
+6.250000E-04,-4.000000E-04,-2.400000E-04,+2.000000E+00
+6.251000E-04,-4.000000E-04,-8.000000E-05,+2.040000E+00
+6.252000E-04,-2.000000E-04,-3.200000E-04,+2.040000E+00
+6.253000E-04,-4.000000E-04,-2.400000E-04,+2.040000E+00
+6.254000E-04,-2.000000E-04,-3.200000E-04,+2.040000E+00
+6.255000E-04,-2.000000E-04,-1.600000E-04,+2.000000E+00
+6.256000E-04,-2.000000E-04,-3.200000E-04,+2.040000E+00
+6.257000E-04,-2.000000E-04,-8.000000E-05,+2.040000E+00
+6.258000E-04,-2.000000E-04,-2.400000E-04,+2.000000E+00
+6.259000E-04,-2.000000E-04,-1.600000E-04,+2.000000E+00
+6.260000E-04,+0.000000E+00,-3.200000E-04,+2.040000E+00
+6.261000E-04,-2.000000E-04,-2.400000E-04,+2.040000E+00
+6.262000E-04,-2.000000E-04,-2.400000E-04,+2.000000E+00
+6.263000E-04,-4.000000E-04,-8.000000E-05,+2.040000E+00
+6.264000E-04,-4.000000E-04,-1.600000E-04,+2.040000E+00
+6.265000E-04,-2.000000E-04,-8.000000E-05,+2.000000E+00
+6.266000E-04,-2.000000E-04,-2.400000E-04,+2.040000E+00
+6.267000E-04,-2.000000E-04,-8.000000E-05,+2.040000E+00
+6.268000E-04,-2.000000E-04,-1.600000E-04,+2.000000E+00
+6.269000E-04,-4.000000E-04,-8.000000E-05,+2.040000E+00
+6.270000E-04,-2.000000E-04,-2.400000E-04,+2.040000E+00
+6.271000E-04,-2.000000E-04,-2.400000E-04,+2.040000E+00
+6.272000E-04,-2.000000E-04,-2.400000E-04,+2.040000E+00
+6.273000E-04,-2.000000E-04,-1.600000E-04,+2.040000E+00
+6.274000E-04,+0.000000E+00,-2.400000E-04,+2.040000E+00
+6.275000E-04,-2.000000E-04,-2.400000E-04,+2.040000E+00
+6.276000E-04,+0.000000E+00,-2.400000E-04,+2.040000E+00
+6.277000E-04,-2.000000E-04,-1.600000E-04,+2.000000E+00
+6.278000E-04,+0.000000E+00,-3.200000E-04,+2.000000E+00
+6.279000E-04,-2.000000E-04,-1.600000E-04,+2.040000E+00
+6.280000E-04,+0.000000E+00,-8.000000E-05,+2.040000E+00
+6.281000E-04,-2.000000E-04,-8.000000E-05,+2.040000E+00
+6.282000E-04,+0.000000E+00,-1.600000E-04,+2.040000E+00
+6.283000E-04,-2.000000E-04,-8.000000E-05,+2.040000E+00
+6.284000E-04,+0.000000E+00,-8.000000E-05,+2.000000E+00
+6.285000E-04,+0.000000E+00,-8.000000E-05,+2.000000E+00
+6.286000E-04,+0.000000E+00,+0.000000E+00,+2.040000E+00
+6.287000E-04,-2.000000E-04,-8.000000E-05,+2.000000E+00
+6.288000E-04,+0.000000E+00,-1.600000E-04,+2.040000E+00
+6.289000E-04,+0.000000E+00,-4.000000E-04,+2.040000E+00
+6.290000E-04,+0.000000E+00,-3.200000E-04,+2.040000E+00
+6.291000E-04,-2.000000E-04,-8.000000E-05,+2.000000E+00
+6.292000E-04,-2.000000E-04,-8.000000E-05,+2.040000E+00
+6.293000E-04,+0.000000E+00,-1.600000E-04,+2.040000E+00
+6.294000E-04,+2.000000E-04,-1.600000E-04,+2.000000E+00
+6.295000E-04,+0.000000E+00,-2.400000E-04,+2.000000E+00
+6.296000E-04,+0.000000E+00,-1.600000E-04,+2.000000E+00
+6.297000E-04,+0.000000E+00,-8.000000E-05,+2.040000E+00
+6.298000E-04,+0.000000E+00,-8.000000E-05,+2.040000E+00
+6.299000E-04,+0.000000E+00,-1.600000E-04,+2.040000E+00
+6.300000E-04,+0.000000E+00,-8.000000E-05,+2.040000E+00
+6.301000E-04,+0.000000E+00,-8.000000E-05,+2.000000E+00
+6.302000E-04,+0.000000E+00,-8.000000E-05,+2.040000E+00
+6.303000E-04,+0.000000E+00,-2.400000E-04,+2.040000E+00
+6.304000E-04,+0.000000E+00,-1.600000E-04,+2.040000E+00
+6.305000E-04,+0.000000E+00,-2.400000E-04,+2.040000E+00
+6.306000E-04,+0.000000E+00,-8.000000E-05,+2.040000E+00
+6.307000E-04,+0.000000E+00,-3.200000E-04,+2.040000E+00
+6.308000E-04,-2.000000E-04,-2.400000E-04,+2.040000E+00
+6.309000E-04,+0.000000E+00,-2.400000E-04,+2.040000E+00
+6.310000E-04,-2.000000E-04,+0.000000E+00,+2.000000E+00
+6.311000E-04,+0.000000E+00,-8.000000E-05,+2.040000E+00
+6.312000E-04,+0.000000E+00,-1.600000E-04,+2.040000E+00
+6.313000E-04,+2.000000E-04,-4.000000E-04,+2.040000E+00
+6.314000E-04,+2.000000E-04,-3.200000E-04,+2.040000E+00
+6.315000E-04,+2.000000E-04,-4.000000E-04,+2.000000E+00
+6.316000E-04,+0.000000E+00,-1.600000E-04,+2.040000E+00
+6.317000E-04,+0.000000E+00,-2.400000E-04,+2.040000E+00
+6.318000E-04,+0.000000E+00,-1.600000E-04,+2.040000E+00
+6.319000E-04,+0.000000E+00,-2.400000E-04,+2.000000E+00
+6.320000E-04,+0.000000E+00,-2.400000E-04,+2.040000E+00
+6.321000E-04,+0.000000E+00,-2.400000E-04,+2.040000E+00
+6.322000E-04,+0.000000E+00,-1.600000E-04,+2.000000E+00
+6.323000E-04,+0.000000E+00,-2.400000E-04,+2.000000E+00
+6.324000E-04,+0.000000E+00,-1.600000E-04,+2.040000E+00
+6.325000E-04,+0.000000E+00,-2.400000E-04,+2.040000E+00
+6.326000E-04,+0.000000E+00,-1.600000E-04,+2.000000E+00
+6.327000E-04,+2.000000E-04,-3.200000E-04,+2.040000E+00
+6.328000E-04,+0.000000E+00,-2.400000E-04,+2.040000E+00
+6.329000E-04,+0.000000E+00,-3.200000E-04,+2.000000E+00
+6.330000E-04,+0.000000E+00,-4.000000E-04,+2.040000E+00
+6.331000E-04,+0.000000E+00,-3.200000E-04,+2.040000E+00
+6.332000E-04,+0.000000E+00,-3.200000E-04,+2.040000E+00
+6.333000E-04,+0.000000E+00,-3.200000E-04,+2.000000E+00
+6.334000E-04,+0.000000E+00,-4.000000E-04,+2.000000E+00
+6.335000E-04,+0.000000E+00,-2.400000E-04,+2.040000E+00
+6.336000E-04,-2.000000E-04,-1.600000E-04,+2.040000E+00
+6.337000E-04,+0.000000E+00,-1.600000E-04,+2.040000E+00
+6.338000E-04,+0.000000E+00,-2.400000E-04,+2.040000E+00
+6.339000E-04,+0.000000E+00,-2.400000E-04,+2.040000E+00
+6.340000E-04,+0.000000E+00,-2.400000E-04,+2.040000E+00
+6.341000E-04,+2.000000E-04,-3.200000E-04,+2.000000E+00
+6.342000E-04,+0.000000E+00,-2.400000E-04,+2.000000E+00
+6.343000E-04,+0.000000E+00,+0.000000E+00,+2.000000E+00
+6.344000E-04,+0.000000E+00,-4.000000E-04,+2.040000E+00
+6.345000E-04,+2.000000E-04,-4.000000E-04,+2.040000E+00
+6.346000E-04,+0.000000E+00,-4.000000E-04,+2.000000E+00
+6.347000E-04,+0.000000E+00,-2.400000E-04,+2.040000E+00
+6.348000E-04,+0.000000E+00,-2.400000E-04,+2.040000E+00
+6.349000E-04,+0.000000E+00,-3.200000E-04,+2.000000E+00
+6.350000E-04,+0.000000E+00,-4.800000E-04,+2.000000E+00
+6.351000E-04,-2.000000E-04,-2.400000E-04,+2.000000E+00
+6.352000E-04,-2.000000E-04,-2.400000E-04,+2.000000E+00
+6.353000E-04,+0.000000E+00,-3.200000E-04,+2.040000E+00
+6.354000E-04,+0.000000E+00,-4.000000E-04,+2.040000E+00
+6.355000E-04,+0.000000E+00,-3.200000E-04,+2.040000E+00
+6.356000E-04,+0.000000E+00,-3.200000E-04,+2.040000E+00
+6.357000E-04,+0.000000E+00,-2.400000E-04,+2.040000E+00
+6.358000E-04,-2.000000E-04,-3.200000E-04,+2.040000E+00
+6.359000E-04,+0.000000E+00,-2.400000E-04,+2.040000E+00
+6.360000E-04,+0.000000E+00,-4.000000E-04,+2.040000E+00
+6.361000E-04,+0.000000E+00,-4.000000E-04,+2.040000E+00
+6.362000E-04,-2.000000E-04,-3.200000E-04,+2.000000E+00
+6.363000E-04,-2.000000E-04,-2.400000E-04,+2.040000E+00
+6.364000E-04,+0.000000E+00,-5.600000E-04,+2.000000E+00
+6.365000E-04,+0.000000E+00,-5.600000E-04,+2.040000E+00
+6.366000E-04,-2.000000E-04,-3.200000E-04,+2.040000E+00
+6.367000E-04,-2.000000E-04,-2.400000E-04,+2.000000E+00
+6.368000E-04,-2.000000E-04,-4.000000E-04,+2.000000E+00
+6.369000E-04,-2.000000E-04,-4.800000E-04,+2.040000E+00
+6.370000E-04,+0.000000E+00,-4.000000E-04,+2.040000E+00
+6.371000E-04,-2.000000E-04,-3.200000E-04,+2.000000E+00
+6.372000E-04,-2.000000E-04,-4.000000E-04,+2.040000E+00
+6.373000E-04,-2.000000E-04,-3.200000E-04,+2.000000E+00
+6.374000E-04,+0.000000E+00,-4.000000E-04,+2.000000E+00
+6.375000E-04,+0.000000E+00,-4.800000E-04,+2.040000E+00
+6.376000E-04,+0.000000E+00,-4.800000E-04,+2.040000E+00
+6.377000E-04,-2.000000E-04,-3.200000E-04,+2.040000E+00
+6.378000E-04,-2.000000E-04,-3.200000E-04,+2.000000E+00
+6.379000E-04,-2.000000E-04,-3.200000E-04,+2.040000E+00
+6.380000E-04,+0.000000E+00,-4.000000E-04,+2.040000E+00
+6.381000E-04,-2.000000E-04,-3.200000E-04,+2.040000E+00
+6.382000E-04,-2.000000E-04,-4.000000E-04,+2.000000E+00
+6.383000E-04,-2.000000E-04,-3.200000E-04,+2.040000E+00
+6.384000E-04,-2.000000E-04,-3.200000E-04,+2.040000E+00
+6.385000E-04,-2.000000E-04,-1.600000E-04,+2.040000E+00
+6.386000E-04,-2.000000E-04,-2.400000E-04,+2.040000E+00
+6.387000E-04,-2.000000E-04,-4.000000E-04,+2.040000E+00
+6.388000E-04,-2.000000E-04,-4.000000E-04,+2.040000E+00
+6.389000E-04,-2.000000E-04,-3.200000E-04,+2.040000E+00
+6.390000E-04,-2.000000E-04,-3.200000E-04,+2.040000E+00
+6.391000E-04,-2.000000E-04,-3.200000E-04,+2.040000E+00
+6.392000E-04,-2.000000E-04,-3.200000E-04,+2.040000E+00
+6.393000E-04,-4.000000E-04,-2.400000E-04,+2.040000E+00
+6.394000E-04,-2.000000E-04,-2.400000E-04,+2.000000E+00
+6.395000E-04,+0.000000E+00,-3.200000E-04,+2.040000E+00
+6.396000E-04,-2.000000E-04,-4.000000E-04,+2.040000E+00
+6.397000E-04,-2.000000E-04,-1.600000E-04,+2.000000E+00
+6.398000E-04,-2.000000E-04,-3.200000E-04,+2.040000E+00
+6.399000E-04,+0.000000E+00,-2.400000E-04,+2.040000E+00
+6.400000E-04,-2.000000E-04,-1.600000E-04,+2.040000E+00
+6.401000E-04,-2.000000E-04,-2.400000E-04,+2.040000E+00
+6.402000E-04,-2.000000E-04,-3.200000E-04,+2.040000E+00
+6.403000E-04,-2.000000E-04,-4.000000E-04,+2.040000E+00
+6.404000E-04,-2.000000E-04,-3.200000E-04,+2.040000E+00
+6.405000E-04,-2.000000E-04,-2.400000E-04,+2.000000E+00
+6.406000E-04,-2.000000E-04,-2.400000E-04,+2.000000E+00
+6.407000E-04,-2.000000E-04,-4.000000E-04,+2.040000E+00
+6.408000E-04,-4.000000E-04,-1.600000E-04,+2.040000E+00
+6.409000E-04,-4.000000E-04,-8.000000E-05,+2.040000E+00
+6.410000E-04,-2.000000E-04,+8.000000E-05,+2.040000E+00
+6.411000E-04,-2.000000E-04,-1.600000E-04,+2.000000E+00
+6.412000E-04,+0.000000E+00,-3.200000E-04,+2.040000E+00
+6.413000E-04,-2.000000E-04,-3.200000E-04,+2.040000E+00
+6.414000E-04,+0.000000E+00,-2.400000E-04,+2.040000E+00
+6.415000E-04,-2.000000E-04,-2.400000E-04,+2.040000E+00
+6.416000E-04,-2.000000E-04,-1.600000E-04,+2.040000E+00
+6.417000E-04,-2.000000E-04,-1.600000E-04,+2.000000E+00
+6.418000E-04,-2.000000E-04,-3.200000E-04,+2.040000E+00
+6.419000E-04,-2.000000E-04,-3.200000E-04,+2.040000E+00
